chr	rs	ps	n_miss	allele1	allele0	af	beta	se	logl_H1	l_remle	l_mle	p_wald	p_lrt	p_score
CP021825.1	.	10624	0	T	TCTGGCCGGACG	0.184	-2.940035e-01	1.843784e-01	-6.784745e+01	3.316096e-01	3.786428e-01	1.175127e-01	1.102392e-01	1.278135e-01
CP021825.1	.	218304	0	T	C	0.020	8.663969e-01	4.908968e-01	-6.755938e+01	3.212991e-01	3.823924e-01	8.407320e-02	7.700937e-02	9.278098e-02
CP021825.1	.	526844	0	G	T	0.020	6.045064e-01	4.998387e-01	-6.836770e+01	2.147949e-01	2.593245e-01	2.325566e-01	2.190957e-01	2.291364e-01
CP021825.1	.	1038788	1	G	C	0.312	-2.383646e-01	1.558487e-01	-6.793211e+01	2.671294e-01	3.008846e-01	1.328533e-01	1.227831e-01	1.357700e-01
CP021825.1	.	1038838	4	C	T	0.244	1.350136e-01	1.774220e-01	-6.882345e+01	2.023318e-01	2.358999e-01	4.504735e-01	4.390455e-01	4.443047e-01
CP021825.1	.	1247320	0	T	C	0.020	1.974656e-01	5.053126e-01	-6.903927e+01	2.053338e-01	2.561641e-01	6.977263e-01	6.826722e-01	6.864172e-01
CP021825.1	.	1356055	0	T	TC	0.163	-3.778439e-01	2.031464e-01	-6.768501e+01	7.201601e-01	8.114454e-01	6.915598e-02	8.992765e-02	1.624974e-01
CP021825.1	.	1358090	0	G	T	0.041	3.441601e-01	3.615874e-01	-6.866486e+01	1.671468e-01	2.041436e-01	3.460661e-01	3.385394e-01	3.472185e-01
CP021825.1	.	1358203	0	ATG	A	0.388	4.043187e-02	1.518212e-01	-6.908480e+01	2.208160e-01	2.475035e-01	7.911634e-01	7.826905e-01	7.847277e-01
CP021825.1	.	1360089	0	C	T	0.020	-2.388171e-01	5.156457e-01	-6.901636e+01	1.847028e-01	2.140875e-01	6.454002e-01	6.444487e-01	6.491190e-01
CP021825.1	.	1377217	0	G	A	0.020	-1.088572e+00	4.836857e-01	-6.662829e+01	1.562394e-01	2.047824e-01	2.913092e-02	2.550758e-02	3.453894e-02
CP021825.1	.	1377263	2	G	C	0.213	1.538464e-01	1.816149e-01	-6.885638e+01	6.525700e-02	7.673089e-02	4.012312e-01	4.653803e-01	5.268138e-01
CP021825.1	.	1377284	3	A	C	0.087	3.068028e-01	2.632274e-01	-6.849209e+01	9.307645e-02	1.173884e-01	2.496803e-01	2.613678e-01	2.852813e-01
CP021825.1	.	1377293	1	G	C	0.146	2.142889e-01	2.073727e-01	-6.864172e+01	9.234195e-02	1.090315e-01	3.067274e-01	3.266241e-01	3.582619e-01
CP021825.1	.	1377296	0	T	C	0.184	2.623891e-01	1.843181e-01	-6.827565e+01	1.976182e-02	2.568802e-02	1.611768e-01	1.930254e-01	2.427740e-01
CP021825.1	.	1377315	0	G	C	0.102	2.465200e-01	2.382011e-01	-6.859961e+01	1.358726e-01	1.642660e-01	3.060003e-01	3.063248e-01	3.205637e-01
CP021825.1	.	1377395	0	C	T	0.061	2.296499e-01	2.985526e-01	-6.881208e+01	2.155940e-01	2.621759e-01	4.456168e-01	4.304819e-01	4.370112e-01
CP021825.1	.	1377398	0	T	C	0.020	4.695589e-01	5.123469e-01	-6.872117e+01	1.313416e-01	1.584623e-01	3.640907e-01	3.700963e-01	3.860258e-01
CP021825.1	.	1377584	2	A	G	0.106	-5.905143e-02	2.448044e-01	-6.909044e+01	2.324152e-01	2.620419e-01	8.104348e-01	7.990612e-01	8.048837e-01
CP021825.1	.	1377602	1	C	T	0.125	-1.153760e-01	2.270018e-01	-6.898967e+01	2.736616e-01	3.047057e-01	6.136482e-01	6.058025e-01	6.232318e-01
CP021825.1	.	1377690	0	A	G	0.041	-1.111155e-01	3.746385e-01	-6.907614e+01	2.211701e-01	2.449592e-01	7.680832e-01	7.599045e-01	7.617823e-01
CP021825.1	.	1377704	1	A	T	0.500	2.775701e-02	1.478620e-01	-6.910505e+01	2.020918e-01	2.338654e-01	8.519024e-01	8.503942e-01	8.513336e-01
CP021825.1	.	1377749	0	A	C	0.041	-1.522198e-02	3.645059e-01	-6.912283e+01	1.872011e-01	2.363102e-01	9.668665e-01	9.965563e-01	9.967600e-01
CP021825.1	.	1377794	0	G	C	0.082	3.867533e-01	2.571235e-01	-6.800371e+01	3.767707e-01	4.421632e-01	1.392325e-01	1.346327e-01	1.615038e-01
CP021825.1	.	1377877	2	A	G	0.128	2.680849e-01	2.177916e-01	-6.836030e+01	3.369148e-01	4.029031e-01	2.244757e-01	2.168517e-01	2.421102e-01
CP021825.1	.	1732471	0	A	AT	0.061	1.267480e-01	3.107704e-01	-6.906069e+01	1.463838e-01	1.572105e-01	6.852351e-01	7.244127e-01	7.569479e-01
CP021825.1	.	1732500	1	G	A	0.083	1.217648e-01	2.698915e-01	-6.903666e+01	1.532102e-01	1.737660e-01	6.539475e-01	6.780129e-01	6.971313e-01
CP021825.1	.	1732515	1	T	G	0.292	3.755939e-01	1.519823e-01	-6.636378e+01	1.000000e-05	1.000000e-05	1.714245e-02	1.882049e-02	4.263603e-02
CP021825.1	.	1732521	0	G	T	0.224	3.694518e-01	1.656403e-01	-6.689186e+01	1.000000e-05	1.000000e-05	3.052985e-02	3.465756e-02	6.836813e-02
CP021825.1	.	1732545	3	A	G	0.304	2.013252e-01	1.603544e-01	-6.854868e+01	1.000000e-05	1.000000e-05	2.155027e-01	2.839000e-01	3.720449e-01
CP021825.1	.	1732551	1	T	C	0.312	2.306933e-01	1.548094e-01	-6.822583e+01	1.000000e-05	1.000000e-05	1.428589e-01	1.804382e-01	2.331778e-01
CP021825.1	.	1732566	2	C	A	0.404	5.319248e-02	1.538413e-01	-6.906858e+01	1.796008e-01	2.016991e-01	7.310644e-01	7.418326e-01	7.504444e-01
CP021825.1	.	1732594	3	A	G	0.174	-1.990829e-02	2.006135e-01	-6.911657e+01	2.165543e-01	2.461957e-01	9.213722e-01	9.108251e-01	9.127964e-01
CP021825.1	.	1904758	0	G	C	0.041	4.554596e-02	3.715611e-01	-6.911686e+01	1.985481e-01	2.272226e-01	9.029623e-01	9.129314e-01	9.151102e-01
CP021826.1	.	143947	0	AT	A	0.469	3.162412e-02	1.472954e-01	-6.909719e+01	2.186008e-01	2.494887e-01	8.309312e-01	8.208092e-01	8.232136e-01
CP021826.1	.	148361	3	CA	C	0.022	-6.626431e-01	4.978356e-01	-6.823094e+01	1.505807e-01	2.034172e-01	1.895942e-01	1.816840e-01	1.926958e-01
CP021827.1	.	12013	3	A	AT	0.478	1.442123e-01	1.512616e-01	-6.869594e+01	1.206152e-01	1.332831e-01	3.452668e-01	3.554792e-01	3.780749e-01
CP021827.1	.	12058	0	A	AGGG	0.469	1.372271e-03	1.488857e-01	-6.912283e+01	2.146110e-01	2.373954e-01	9.926851e-01	9.970266e-01	9.971376e-01
CP021827.1	.	16476	4	AC	A	0.467	1.341720e-01	1.529087e-01	-6.875487e+01	1.359383e-01	1.563909e-01	3.846979e-01	3.909611e-01	4.074540e-01
CP021827.1	.	74787	2	A	G	0.043	-7.046703e-01	3.601045e-01	-6.726345e+01	4.190860e-01	4.690612e-01	5.632036e-02	5.380358e-02	7.267716e-02
CP021827.1	.	74828	0	G	C	0.061	-1.188089e-01	3.126220e-01	-6.905010e+01	2.792200e-01	3.099054e-01	7.056277e-01	7.028818e-01	7.267868e-01
CP021827.1	.	74859	1	GC	G	0.208	5.804577e-02	1.815972e-01	-6.907625e+01	1.784820e-01	2.120135e-01	7.506576e-01	7.601693e-01	7.654631e-01
CP021827.1	.	74963	0	CG	C	0.163	1.165557e-01	1.953778e-01	-6.894315e+01	1.791831e-01	2.188103e-01	5.536603e-01	5.488458e-01	5.533483e-01
CP021827.1	.	74986	3	G	C	0.043	-6.041330e-01	3.553987e-01	-6.766005e+01	2.780014e-01	3.248506e-01	9.576437e-02	8.718591e-02	1.006510e-01
CP021827.1	.	109668	0	C	G	0.082	1.679944e-01	2.651850e-01	-6.891068e+01	2.477568e-01	2.922944e-01	5.294788e-01	5.147910e-01	5.252894e-01
CP021827.1	.	302275	3	A	AT	0.152	1.555483e-01	2.097046e-01	-6.883718e+01	2.718717e-01	3.112911e-01	4.619297e-01	4.497373e-01	4.651213e-01
CP021827.1	.	322944	0	C	T	0.061	4.708399e-01	2.952710e-01	-6.806601e+01	1.000000e-05	1.000000e-05	1.175046e-01	1.459902e-01	1.903135e-01
CP021827.1	.	322957	0	T	C	0.082	2.575532e-01	2.631804e-01	-6.865078e+01	1.448715e-01	1.796351e-01	3.327791e-01	3.312190e-01	3.425358e-01
CP021827.1	.	352369	0	G	C	0.061	-1.197235e-01	3.100982e-01	-6.904421e+01	2.533110e-01	2.804440e-01	7.011778e-01	6.916941e-01	7.021828e-01
CP021827.1	.	352549	0	C	T	0.163	2.207409e-02	1.975369e-01	-6.911729e+01	1.977511e-01	2.325560e-01	9.115002e-01	9.160594e-01	9.168778e-01
CP021827.1	.	352609	0	G	A	0.122	-7.075423e-03	2.210927e-01	-6.912217e+01	1.984483e-01	2.376554e-01	9.746059e-01	9.707560e-01	9.709376e-01
CP021827.1	.	359548	0	C	A	0.224	1.976257e-01	1.754222e-01	-6.854150e+01	9.133895e-02	9.220305e-02	2.656427e-01	2.809095e-01	3.117938e-01
CP021827.1	.	359571	1	G	A	0.354	6.846954e-02	1.579230e-01	-6.903768e+01	1.699811e-01	1.800213e-01	6.665894e-01	6.798207e-01	6.962183e-01
CP021827.1	.	359578	0	G	T	0.388	4.836399e-02	1.518063e-01	-6.907623e+01	1.849557e-01	2.070169e-01	7.514488e-01	7.601176e-01	7.671601e-01
CP021827.1	.	387590	0	C	G	0.020	1.393261e-01	5.054635e-01	-6.907887e+01	2.056739e-01	2.583565e-01	7.840326e-01	7.668212e-01	7.710497e-01
CP021827.1	.	392984	0	ACC	A	0.020	6.131833e-02	5.139321e-01	-6.911734e+01	1.915748e-01	2.288814e-01	9.055366e-01	9.164807e-01	9.181699e-01
CP021827.1	.	399746	1	C	A	0.146	5.312243e-02	2.085632e-01	-6.909469e+01	1.802822e-01	2.155898e-01	8.000609e-01	8.124254e-01	8.172352e-01
CP021827.1	.	418234	0	T	G	0.020	1.089089e-01	5.059685e-01	-6.909297e+01	2.114273e-01	2.675315e-01	8.305050e-01	8.069005e-01	8.148270e-01
CP021827.1	.	431565	0	G	C	0.041	-1.575736e-01	3.737195e-01	-6.902906e+01	2.563333e-01	2.878754e-01	6.752131e-01	6.649504e-01	6.772988e-01
CP021827.1	.	431583	1	T	C	0.062	-3.347263e-02	3.083041e-01	-6.911515e+01	2.217568e-01	2.516215e-01	9.140056e-01	9.013191e-01	9.051122e-01
CP021827.1	.	431631	3	C	A	0.065	-3.657211e-01	3.063557e-01	-6.842414e+01	3.702613e-01	4.170944e-01	2.385551e-01	2.371601e-01	2.678336e-01
CP021827.1	.	431663	3	G	A	0.348	-5.600428e-02	1.583821e-01	-6.906708e+01	1.725639e-01	2.025789e-01	7.252182e-01	7.384120e-01	7.468105e-01
CP021827.1	.	431703	0	C	G	0.408	-1.056979e-01	1.490265e-01	-6.886096e+01	2.160539e-01	2.460009e-01	4.816694e-01	4.692416e-01	4.741647e-01
CP021827.1	.	431760	4	C	G	0.356	-1.101870e-02	1.591044e-01	-6.912069e+01	2.017364e-01	2.350812e-01	9.450809e-01	9.476816e-01	9.480704e-01
CP021827.1	.	431808	0	C	T	0.102	-9.080649e-02	2.392059e-01	-6.905070e+01	1.876984e-01	2.248740e-01	7.059401e-01	7.040632e-01	7.067103e-01
CP021827.1	.	431838	0	A	C	0.041	-2.953475e-01	3.638034e-01	-6.878552e+01	1.845470e-01	2.209578e-01	4.209803e-01	4.114366e-01	4.176347e-01
CP021827.1	.	431967	3	G	T	0.087	-1.842987e-01	2.642889e-01	-6.887283e+01	1.893860e-01	2.281253e-01	4.890265e-01	4.794900e-01	4.842604e-01
CP021827.1	.	431968	4	C	T	0.044	-5.838370e-01	3.537441e-01	-6.773897e+01	2.751994e-01	3.367733e-01	1.055188e-01	9.618204e-02	1.099924e-01
CP021827.1	.	432981	0	C	A	0.020	-5.026301e-01	5.099718e-01	-6.861896e+01	2.210970e-01	2.557212e-01	3.293745e-01	3.154381e-01	3.234838e-01
CP021827.1	.	444780	0	C	A	0.041	-4.397725e-01	3.598943e-01	-6.835939e+01	1.852896e-01	2.268604e-01	2.278201e-01	2.165793e-01	2.263389e-01
CP021827.1	.	452198	1	AG	A	0.125	1.209449e-01	2.210758e-01	-6.896281e+01	2.437232e-01	2.875321e-01	5.869161e-01	5.715737e-01	5.823799e-01
CP021827.1	.	471937	1	C	CT	0.271	-3.193670e-01	1.585388e-01	-6.732794e+01	1.000000e-05	1.000000e-05	4.970562e-02	5.813494e-02	9.016078e-02
CP021827.1	.	551651	0	T	G	0.020	3.129356e-01	4.997065e-01	-6.891023e+01	2.436109e-01	3.083250e-01	5.341881e-01	5.143385e-01	5.295940e-01
CP021827.1	.	554119	0	GA	G	0.429	2.905187e-01	1.406164e-01	-6.722712e+01	1.000000e-05	1.000000e-05	4.436141e-02	5.151509e-02	8.150282e-02
CP021827.1	.	556422	0	T	TC	0.143	-2.373981e-01	2.060265e-01	-6.846650e+01	1.402803e-01	1.677623e-01	2.550375e-01	2.519091e-01	2.652207e-01
CP021827.1	.	586523	0	G	C	0.449	1.907191e-01	1.443751e-01	-6.837347e+01	4.142008e-02	5.088744e-02	1.928978e-01	2.208645e-01	2.581113e-01
CP021827.1	.	586570	0	A	T	0.449	-1.414436e-01	1.481729e-01	-6.865107e+01	2.350592e-01	2.579168e-01	3.446720e-01	3.313694e-01	3.391973e-01
CP021827.1	.	586637	0	A	G	0.327	2.077282e-01	1.541088e-01	-6.822975e+01	1.279247e-01	1.448594e-01	1.841415e-01	1.813921e-01	1.973913e-01
CP021827.1	.	586673	0	G	A	0.265	2.434596e-01	1.627199e-01	-6.807583e+01	7.379711e-02	8.205188e-02	1.412900e-01	1.478765e-01	1.715811e-01
CP021827.1	.	586713	0	C	CCAGATCGCAGTGCCGA	0.061	2.109856e-01	3.070025e-01	-6.888260e+01	1.897476e-01	2.129358e-01	4.953065e-01	4.882083e-01	4.939487e-01
CP021827.1	.	586790	1	G	A	0.062	3.264496e-01	3.003538e-01	-6.856963e+01	1.045026e-01	1.314807e-01	2.826310e-01	2.928631e-01	3.141742e-01
CP021827.1	.	586819	1	A	G	0.062	3.231624e-01	3.056202e-01	-6.858890e+01	1.211518e-01	1.327529e-01	2.957344e-01	3.014240e-01	3.212495e-01
CP021827.1	.	586831	0	G	A	0.041	2.813401e-01	3.687496e-01	-6.885475e+01	1.307721e-01	1.529117e-01	4.493016e-01	4.640155e-01	4.842506e-01
CP021827.1	.	595041	0	G	A	0.020	5.994937e-01	4.986986e-01	-6.837511e+01	2.188335e-01	2.699154e-01	2.353403e-01	2.213700e-01	2.317698e-01
CP021827.1	.	595043	0	A	C	0.020	-1.021207e+00	4.885418e-01	-6.696151e+01	1.522886e-01	1.913997e-01	4.202466e-02	3.760821e-02	4.786966e-02
CP021827.1	.	596030	1	G	GGT	0.021	-1.046094e+00	4.892045e-01	-6.694018e+01	4.757682e-01	5.713958e-01	3.771606e-02	3.667752e-02	5.457977e-02
CP021827.1	.	596707	0	C	CGCGT	0.367	-6.166556e-02	1.627154e-01	-6.906152e+01	3.146939e-01	3.222060e-01	7.064109e-01	7.261873e-01	7.589726e-01
CP021827.1	.	606298	1	T	G	0.021	-1.931929e-01	5.135636e-01	-6.904785e+01	2.074942e-01	2.444475e-01	7.084751e-01	6.985551e-01	7.007913e-01
CP021827.1	.	639984	3	TTGC	T	0.109	1.133132e-01	2.452219e-01	-6.903327e+01	1.503907e-01	1.687654e-01	6.461527e-01	6.721063e-01	6.934419e-01
CP021827.1	.	640681	1	G	C	0.375	-3.966046e-02	1.532313e-01	-6.908500e+01	2.358598e-01	2.725821e-01	7.968987e-01	7.832282e-01	7.923529e-01
CP021827.1	.	661801	4	G	C	0.378	2.900093e-02	1.563048e-01	-6.910656e+01	1.931732e-01	2.292206e-01	8.536032e-01	8.568071e-01	8.582763e-01
CP021827.1	.	661862	0	C	G	0.367	2.740843e-01	1.465502e-01	-6.736755e+01	2.921055e-01	3.343915e-01	6.768529e-02	6.097821e-02	7.363465e-02
CP021827.1	.	661985	1	A	G	0.188	1.175345e-01	1.863039e-01	-6.891549e+01	1.999587e-01	2.400789e-01	5.311784e-01	5.195968e-01	5.236268e-01
CP021827.1	.	662382	3	A	G	0.413	-1.013804e-01	1.524164e-01	-6.889175e+01	2.144568e-01	2.463935e-01	5.092028e-01	4.966046e-01	5.011660e-01
CP021827.1	.	662502	0	C	A	0.163	-1.751274e-01	1.951099e-01	-6.872320e+01	1.550389e-01	1.861945e-01	3.739829e-01	3.713105e-01	3.819704e-01
CP021827.1	.	662628	0	C	T	0.082	1.099710e-02	2.696724e-01	-6.912228e+01	2.087665e-01	2.350797e-01	9.676444e-01	9.731969e-01	9.735511e-01
CP021827.1	.	663480	0	T	G	0.041	4.519875e-01	3.612849e-01	-6.838631e+01	9.353598e-02	1.217788e-01	2.171060e-01	2.248621e-01	2.463037e-01
CP021827.1	.	663639	0	T	C	0.041	3.047797e-01	3.650122e-01	-6.877039e+01	1.732640e-01	2.067704e-01	4.079505e-01	4.011428e-01	4.086297e-01
CP021827.1	.	702429	0	AT	A	0.347	2.019932e-01	1.498506e-01	-6.842591e+01	6.215524e-04	1.000000e-05	1.841312e-01	2.377534e-01	3.043781e-01
CP021827.1	.	703232	0	AGC	A	0.020	1.402313e-01	5.133067e-01	-6.908557e+01	1.929256e-01	2.298178e-01	7.859025e-01	7.848231e-01	7.864623e-01
CP021827.1	.	704259	4	G	A	0.156	-7.099348e-02	2.089713e-01	-6.906073e+01	2.111283e-01	2.484420e-01	7.355746e-01	7.245060e-01	7.269735e-01
CP021827.1	.	704277	0	G	A	0.082	-4.276192e-01	2.592821e-01	-6.775871e+01	3.285187e-01	3.717908e-01	1.057668e-01	9.858685e-02	1.158977e-01
CP021827.1	.	704633	0	C	G	0.204	1.753513e-01	1.814537e-01	-6.871636e+01	8.769863e-02	9.380603e-02	3.388056e-01	3.672478e-01	4.060506e-01
CP021827.1	.	705509	1	C	T	0.229	2.485015e-01	1.716059e-01	-6.821404e+01	3.234005e-02	4.517963e-02	1.542292e-01	1.776002e-01	2.107115e-01
CP021827.1	.	707585	0	C	A	0.265	-7.579421e-02	1.681278e-01	-6.901592e+01	2.291258e-01	2.520104e-01	6.541972e-01	6.437753e-01	6.471629e-01
CP021827.1	.	707754	1	G	A	0.167	2.290941e-01	1.942834e-01	-6.844463e+01	1.247054e-01	1.589978e-01	2.442635e-01	2.441598e-01	2.583839e-01
CP021827.1	.	707844	4	A	C	0.444	4.791548e-02	1.537465e-01	-6.907381e+01	1.985625e-01	2.287659e-01	7.566829e-01	7.541639e-01	7.560785e-01
CP021827.1	.	708071	2	T	C	0.149	6.141442e-02	2.066667e-01	-6.908148e+01	1.787851e-01	2.203634e-01	7.676489e-01	7.736357e-01	7.768770e-01
CP021827.1	.	708380	1	T	G	0.208	7.124920e-02	1.817162e-01	-6.904311e+01	2.024405e-01	2.357939e-01	6.967638e-01	6.896507e-01	6.917034e-01
CP021827.1	.	708434	1	G	A	0.479	-1.630424e-01	1.477895e-01	-6.850453e+01	1.800906e-01	1.994454e-01	2.755539e-01	2.661220e-01	2.761590e-01
CP021827.1	.	708442	1	G	A	0.479	-2.067103e-01	1.466109e-01	-6.811253e+01	1.906844e-01	2.127461e-01	1.651455e-01	1.551763e-01	1.663119e-01
CP021827.1	.	708476	1	T	C	0.333	7.420298e-02	1.568433e-01	-6.901545e+01	1.741856e-01	2.025471e-01	6.383298e-01	6.430386e-01	6.500999e-01
CP021827.1	.	708524	3	T	A	0.109	5.387545e-02	2.464439e-01	-6.910296e+01	1.899271e-01	2.107982e-01	8.278993e-01	8.419342e-01	8.492743e-01
CP021827.1	.	735678	0	T	A	0.020	-1.246112e-01	5.076871e-01	-6.909917e+01	1.671604e-01	2.148408e-01	8.071776e-01	8.277471e-01	8.331017e-01
CP021827.1	.	735689	1	G	C	0.021	-2.111858e-02	5.053045e-01	-6.912239e+01	1.841140e-01	2.356254e-01	9.668401e-01	9.760333e-01	9.762807e-01
CP021827.1	.	770043	1	A	G	0.042	4.690028e-01	3.629465e-01	-6.844013e+01	2.665147e-02	2.871454e-02	2.026023e-01	2.426017e-01	3.003921e-01
CP021827.1	.	770137	3	C	T	0.413	-2.070146e-02	1.546205e-01	-6.911422e+01	2.064902e-01	2.321012e-01	8.940647e-01	8.955321e-01	8.964656e-01
CP021827.1	.	773282	1	T	C	0.250	1.641409e-01	1.683819e-01	-6.869370e+01	9.850401e-02	1.246446e-01	3.346437e-01	3.542199e-01	3.802863e-01
CP021827.1	.	773324	2	C	T	0.191	3.086639e-01	1.839339e-01	-6.782259e+01	5.158290e-02	6.800862e-02	9.996128e-02	1.068299e-01	1.294200e-01
CP021827.1	.	773342	0	G	A	0.143	2.415448e-01	2.065401e-01	-6.848798e+01	9.360470e-02	1.105561e-01	2.481066e-01	2.598200e-01	2.850722e-01
CP021827.1	.	774022	0	A	T	0.061	1.848177e-01	3.036777e-01	-6.893099e+01	1.991470e-01	2.361390e-01	5.457210e-01	5.356294e-01	5.394133e-01
CP021827.1	.	777791	0	T	G	0.061	5.447088e-01	2.925560e-01	-6.761333e+01	1.000000e-05	1.000000e-05	6.887683e-02	8.229332e-02	1.142716e-01
CP021827.1	.	778433	0	T	TC	0.061	4.208983e-01	2.990491e-01	-6.821538e+01	6.557543e-02	7.964901e-02	1.658718e-01	1.779189e-01	2.054322e-01
CP021827.1	.	778438	1	C	T	0.083	5.579637e-01	2.537339e-01	-6.692457e+01	1.359122e-02	1.225572e-02	3.283365e-02	3.601204e-02	5.294156e-02
CP021827.1	.	778447	3	C	G	0.239	2.084563e-01	1.770093e-01	-6.840874e+01	2.334911e-01	2.592683e-01	2.448622e-01	2.320586e-01	2.418125e-01
CP021827.1	.	778456	3	A	G	0.391	1.560787e-02	1.597851e-01	-6.911785e+01	2.267763e-01	2.373003e-01	9.226015e-01	9.204139e-01	9.208451e-01
CP021827.1	.	778462	1	G	A	0.458	3.528392e-02	1.535997e-01	-6.909517e+01	2.325330e-01	2.420420e-01	8.193113e-01	8.140226e-01	8.153071e-01
CP021827.1	.	778468	2	T	C	0.447	-1.655802e-01	1.518631e-01	-6.851002e+01	2.300373e-01	2.501525e-01	2.811284e-01	2.682547e-01	2.770022e-01
CP021827.1	.	778492	0	G	A	0.184	-2.252720e-01	1.856427e-01	-6.843965e+01	8.863530e-02	1.125825e-01	2.310129e-01	2.424341e-01	2.656686e-01
CP021827.1	.	778502	4	A	G	0.200	-1.163825e-01	1.913923e-01	-6.893677e+01	1.847267e-01	2.093044e-01	5.460596e-01	5.418357e-01	5.476571e-01
CP021827.1	.	778510	4	G	C	0.289	3.467921e-02	1.699330e-01	-6.910171e+01	2.079112e-01	2.330140e-01	8.391754e-01	8.371146e-01	8.381878e-01
CP021827.1	.	793546	0	G	A	0.082	1.123294e-01	2.685660e-01	-6.903998e+01	1.779107e-01	2.026454e-01	6.776647e-01	6.839398e-01	6.914296e-01
CP021827.1	.	793560	0	C	G	0.163	1.240073e-01	2.019379e-01	-6.893595e+01	1.795032e-01	1.922527e-01	5.421193e-01	5.409511e-01	5.497834e-01
CP021827.1	.	793567	1	G	C	0.167	2.502306e-01	2.004377e-01	-6.835617e+01	1.341657e-01	1.331813e-01	2.180602e-01	2.156119e-01	2.325105e-01
CP021827.1	.	793579	2	A	G	0.149	1.846681e-01	2.146890e-01	-6.876780e+01	1.415475e-01	1.382925e-01	3.940643e-01	3.994166e-01	4.204698e-01
CP021827.1	.	793591	3	C	G	0.152	1.222346e-02	2.169010e-01	-6.912163e+01	2.183039e-01	2.319815e-01	9.552979e-01	9.608251e-01	9.620172e-01
CP021827.1	.	809071	0	C	T	0.020	-1.518019e-01	5.048378e-01	-6.908066e+01	1.713485e-01	2.225265e-01	7.649737e-01	7.714633e-01	7.742185e-01
CP021827.1	.	958334	0	C	A	0.020	4.552940e-01	5.069741e-01	-6.870194e+01	2.166080e-01	2.633172e-01	3.737304e-01	3.588803e-01	3.664891e-01
CP021827.1	.	958352	2	G	GC	0.170	-4.707449e-01	1.851345e-01	-6.619914e+01	1.000000e-05	1.000000e-05	1.435213e-02	1.560003e-02	3.281246e-02
CP021827.1	.	962653	1	T	C	0.042	5.856181e-01	3.610127e-01	-6.779532e+01	1.794551e-01	2.072457e-01	1.114604e-01	1.032221e-01	1.149152e-01
CP021827.1	.	962660	0	T	C	0.041	8.612623e-01	3.514415e-01	-6.619399e+01	3.357698e-01	3.838829e-01	1.803598e-02	1.550910e-02	2.392038e-02
CP021827.1	.	962668	0	A	C	0.122	4.245867e-01	2.161787e-01	-6.722335e+01	1.321961e-01	1.486194e-01	5.545336e-02	5.128383e-02	6.339899e-02
CP021827.1	.	962673	0	T	C	0.143	3.914883e-01	2.027661e-01	-6.726031e+01	1.801614e-01	2.044904e-01	5.956039e-02	5.360179e-02	6.457533e-02
CP021827.1	.	962686	0	C	A	0.388	1.592909e-01	1.490028e-01	-6.855824e+01	1.453627e-01	1.642580e-01	2.905087e-01	2.879469e-01	3.029165e-01
CP021827.1	.	1009532	0	AT	A	0.102	-1.052328e-01	2.427270e-01	-6.902475e+01	2.735137e-01	3.166489e-01	6.666032e-01	6.578196e-01	6.815438e-01
CP021827.1	.	1009548	0	G	A	0.041	1.126939e-01	3.696201e-01	-6.908321e+01	1.740056e-01	2.042630e-01	7.617950e-01	7.782990e-01	7.869149e-01
CP021827.1	.	1009563	0	T	C	0.061	3.221295e-01	3.014489e-01	-6.859820e+01	9.721345e-02	1.175902e-01	2.907061e-01	3.056709e-01	3.320095e-01
CP021827.1	.	1009630	0	T	G	0.061	2.670205e-01	2.980414e-01	-6.870756e+01	1.951810e-01	2.384249e-01	3.748627e-01	3.621095e-01	3.687728e-01
CP021827.1	.	1010097	2	T	C	0.489	-2.141494e-01	1.470024e-01	-6.804314e+01	1.976414e-01	2.235699e-01	1.518274e-01	1.416997e-01	1.528312e-01
CP021827.1	.	1010789	3	T	C	0.326	-1.113856e-02	1.614331e-01	-6.912135e+01	2.013034e-01	2.318934e-01	9.452840e-01	9.565003e-01	9.576631e-01
CP021827.1	.	1010932	2	C	T	0.383	-4.614830e-02	1.535710e-01	-6.907490e+01	2.105859e-01	2.426882e-01	7.651200e-01	7.568355e-01	7.585234e-01
CP021827.1	.	1011310	1	C	T	0.188	-9.563537e-02	1.885933e-01	-6.899783e+01	1.737271e-01	2.046503e-01	6.144568e-01	6.170669e-01	6.235960e-01
CP021827.1	.	1011356	0	A	G	0.184	-2.556751e-01	1.868497e-01	-6.816760e+01	2.808160e-01	3.167643e-01	1.777097e-01	1.669102e-01	1.807215e-01
CP021827.1	.	1013618	0	C	G	0.367	1.413660e-01	1.505505e-01	-6.877540e+01	6.299851e-02	7.666318e-02	3.525345e-01	4.045077e-01	4.560758e-01
CP021827.1	.	1014176	0	G	A	0.102	-3.681347e-01	2.347767e-01	-6.786978e+01	2.372810e-01	2.774089e-01	1.235851e-01	1.134054e-01	1.253047e-01
CP021827.1	.	1014317	1	T	C	0.438	2.401073e-01	1.438210e-01	-6.794541e+01	1.000000e-05	2.137022e-03	1.016693e-01	1.248929e-01	1.690017e-01
CP021827.1	.	1014371	0	T	C	0.367	-1.722016e-01	1.495031e-01	-6.848696e+01	1.147463e-01	1.372743e-01	2.552180e-01	2.594355e-01	2.787793e-01
CP021827.1	.	1014386	2	C	A	0.255	-1.450192e-01	1.701997e-01	-6.877171e+01	1.437742e-01	1.677939e-01	3.985055e-01	4.020239e-01	4.166046e-01
CP021827.1	.	1014455	2	T	C	0.362	1.241028e-01	1.549397e-01	-6.879346e+01	2.892862e-01	3.326648e-01	4.271769e-01	4.169973e-01	4.362242e-01
CP021827.1	.	1014461	0	A	G	0.286	3.119642e-02	1.618015e-01	-6.910192e+01	2.142949e-01	2.479362e-01	8.479410e-01	8.379233e-01	8.399743e-01
CP021827.1	.	1084966	2	G	A	0.383	1.543139e-01	1.509483e-01	-6.859034e+01	1.785769e-01	2.116661e-01	3.118739e-01	3.020789e-01	3.107350e-01
CP021827.1	.	1133218	2	G	T	0.021	-6.304710e-01	4.999807e-01	-6.833290e+01	1.351221e-01	1.824624e-01	2.135358e-01	2.087775e-01	2.207162e-01
CP021827.1	.	1173412	0	C	CGT	0.041	-9.802744e-02	3.728861e-01	-6.908594e+01	2.186394e-01	2.446955e-01	7.937856e-01	7.858768e-01	7.875731e-01
CP021827.1	.	1173420	1	C	G	0.062	2.091137e-01	3.051248e-01	-6.888749e+01	1.766196e-01	2.037598e-01	4.964970e-01	4.926686e-01	4.995947e-01
CP021827.1	.	1173432	2	G	A	0.064	2.110090e-01	3.096719e-01	-6.888722e+01	1.902531e-01	2.077497e-01	4.989653e-01	4.924157e-01	4.987365e-01
CP021827.1	.	1173452	3	G	C	0.109	3.901010e-01	2.399197e-01	-6.781868e+01	1.282202e-01	1.389724e-01	1.106445e-01	1.063037e-01	1.205546e-01
CP021827.1	.	1189635	4	C	G	0.467	6.305146e-02	1.522466e-01	-6.903968e+01	1.802897e-01	2.124136e-01	6.806553e-01	6.833992e-01	6.883199e-01
CP021827.1	.	1199494	0	A	C	0.122	1.449385e-01	2.220320e-01	-6.893066e+01	1.362929e-01	1.624645e-01	5.170773e-01	5.352776e-01	5.548162e-01
CP021827.1	.	1199501	0	T	C	0.102	1.459553e-01	2.414537e-01	-6.897248e+01	1.230903e-01	1.450512e-01	5.484279e-01	5.834308e-01	6.145204e-01
CP021827.1	.	1199524	0	T	G	0.082	3.466612e-03	2.666875e-01	-6.912275e+01	2.035934e-01	2.369580e-01	9.896838e-01	9.894699e-01	9.895258e-01
CP021827.1	.	1199746	0	GAA	G	0.163	4.022211e-01	1.876801e-01	-6.707256e+01	1.000000e-05	1.000000e-05	3.731081e-02	4.286877e-02	7.062531e-02
CP021827.1	.	1200993	0	A	C	0.204	2.449116e-01	1.818149e-01	-6.821297e+01	1.574011e-01	1.716063e-01	1.844272e-01	1.773429e-01	1.898234e-01
CP021827.1	.	1201056	0	G	T	0.224	1.419838e-01	1.761402e-01	-6.883144e+01	1.176157e-01	1.296526e-01	4.242541e-01	4.452140e-01	4.731232e-01
CP021827.1	.	1201085	1	A	G	0.104	4.818390e-01	2.298795e-01	-6.716749e+01	1.000000e-05	1.000000e-05	4.148877e-02	4.797982e-02	7.874731e-02
CP021827.1	.	1201804	0	C	G	0.041	3.268107e-01	3.651728e-01	-6.870680e+01	2.109950e-01	2.514806e-01	3.753753e-01	3.616738e-01	3.686099e-01
CP021827.1	.	1202172	1	A	G	0.500	-2.517428e-01	1.432392e-01	-6.761989e+01	1.043089e-01	1.211479e-01	8.534477e-02	8.296231e-02	9.903883e-02
CP021827.1	.	1202352	3	A	G	0.391	-6.594709e-02	1.550496e-01	-6.902711e+01	2.191701e-01	2.496860e-01	6.725381e-01	6.617105e-01	6.646966e-01
CP021827.1	.	1202379	4	G	A	0.200	-2.593620e-02	1.908524e-01	-6.911315e+01	2.050816e-01	2.371777e-01	8.924834e-01	8.892586e-01	8.898650e-01
CP021827.1	.	1202439	1	A	G	0.354	-1.533460e-03	1.554439e-01	-6.912279e+01	2.085344e-01	2.369641e-01	9.921707e-01	9.917811e-01	9.918247e-01
CP021827.1	.	1202965	2	T	C	0.277	7.920993e-02	1.675212e-01	-6.901262e+01	1.835807e-01	2.100119e-01	6.385193e-01	6.387032e-01	6.440311e-01
CP021827.1	.	1236030	1	C	A	0.396	2.997473e-01	1.439123e-01	-6.706893e+01	6.137868e-02	8.161828e-02	4.273191e-02	4.268537e-02	5.718172e-02
CP021827.1	.	1236099	1	C	G	0.375	-4.003682e-02	1.538895e-01	-6.908494e+01	2.414746e-01	2.763504e-01	7.958722e-01	7.830622e-01	7.941962e-01
CP021827.1	.	1236257	2	C	T	0.170	-1.335423e-01	1.981884e-01	-6.889088e+01	1.907402e-01	2.193182e-01	5.037296e-01	4.957933e-01	5.008970e-01
CP021827.1	.	1236319	1	C	G	0.083	-3.883296e-02	2.653674e-01	-6.911140e+01	2.011890e-01	2.382677e-01	8.842815e-01	8.797622e-01	8.804460e-01
CP021827.1	.	1236609	3	C	G	0.109	3.315875e-01	2.360952e-01	-6.813767e+01	1.453136e-01	1.772875e-01	1.667548e-01	1.604123e-01	1.731917e-01
CP021827.1	.	1236666	0	C	G	0.061	5.939535e-01	2.905098e-01	-6.726942e+01	1.000000e-05	1.000000e-05	4.652590e-02	5.418968e-02	8.752387e-02
CP021827.1	.	1236699	0	G	A	0.143	3.406047e-01	2.021924e-01	-6.786759e+01	2.236396e-02	3.382489e-02	9.870444e-02	1.130897e-01	1.424278e-01
CP021827.1	.	1236845	4	G	A	0.444	4.091329e-02	1.523196e-01	-6.908510e+01	2.003391e-01	2.379197e-01	7.894118e-01	7.835046e-01	7.847959e-01
CP021827.1	.	1236872	1	G	C	0.375	1.188462e-01	1.527689e-01	-6.881945e+01	1.727597e-01	1.977457e-01	4.404988e-01	4.360051e-01	4.441368e-01
CP021827.1	.	1237036	3	G	C	0.326	1.661404e-01	1.595624e-01	-6.857323e+01	3.159956e-01	3.718136e-01	3.030975e-01	2.944360e-01	3.167780e-01
CP021827.1	.	1237194	1	C	A	0.375	-3.248813e-02	1.526727e-01	-6.909869e+01	2.084424e-01	2.406326e-01	8.324064e-01	8.260580e-01	8.271704e-01
CP021827.1	.	1237501	1	T	G	0.104	-9.041035e-03	2.409943e-01	-6.912170e+01	2.033661e-01	2.394251e-01	9.702328e-01	9.618833e-01	9.623386e-01
CP021827.1	.	1238223	0	A	G	0.061	1.036552e-01	3.091820e-01	-6.907251e+01	1.797366e-01	1.995378e-01	7.389236e-01	7.510448e-01	7.608301e-01
CP021827.1	.	1238263	1	C	A	0.042	-3.057246e-02	3.785640e-01	-6.911833e+01	2.307812e-01	2.544347e-01	9.359765e-01	9.242978e-01	9.303682e-01
CP021827.1	.	1238283	2	G	C	0.085	-2.246276e-01	2.743135e-01	-6.878774e+01	3.138129e-01	3.397657e-01	4.169923e-01	4.129781e-01	4.346142e-01
CP021827.1	.	1238301	3	A	G	0.109	-4.008651e-01	2.419389e-01	-6.780123e+01	4.335691e-01	4.846110e-01	1.042043e-01	1.039925e-01	1.302248e-01
CP021827.1	.	1238313	0	T	G	0.204	-6.908576e-02	1.874050e-01	-6.905252e+01	2.566140e-01	2.719118e-01	7.140484e-01	7.076381e-01	7.152704e-01
CP021827.1	.	1238319	1	T	C	0.250	1.374805e-01	1.726585e-01	-6.880824e+01	1.669696e-01	1.799354e-01	4.298863e-01	4.276453e-01	4.391047e-01
CP021827.1	.	1238322	0	C	A	0.204	-1.694836e-01	1.843085e-01	-6.869746e+01	3.139309e-01	3.444455e-01	3.624957e-01	3.563384e-01	3.773693e-01
CP021827.1	.	1238349	0	G	C	0.367	1.585107e-01	1.514968e-01	-6.855723e+01	2.248760e-01	2.522229e-01	3.007749e-01	2.875142e-01	2.959356e-01
CP021827.1	.	1238355	3	G	C	0.283	3.952976e-02	1.686257e-01	-6.909760e+01	1.931685e-01	2.194851e-01	8.156747e-01	8.222338e-01	8.259307e-01
CP021827.1	.	1238379	0	T	C	0.082	1.708427e-01	2.703890e-01	-6.894345e+01	1.406182e-01	1.528485e-01	5.305526e-01	5.491890e-01	5.719799e-01
CP021827.1	.	1238395	3	G	C	0.065	4.466341e-01	2.990114e-01	-6.807784e+01	7.456200e-02	9.032631e-02	1.419369e-01	1.482650e-01	1.707712e-01
CP021827.1	.	1238403	3	G	C	0.174	1.694314e-01	1.995535e-01	-6.877839e+01	1.389527e-01	1.557336e-01	4.001560e-01	4.065405e-01	4.239066e-01
CP021827.1	.	1238424	1	C	T	0.146	7.026609e-02	2.119432e-01	-6.907285e+01	1.824405e-01	2.027213e-01	7.417159e-01	7.518436e-01	7.603745e-01
CP021827.1	.	1238425	2	A	C	0.128	4.721957e-02	2.257491e-01	-6.910429e+01	1.906047e-01	2.159176e-01	8.352208e-01	8.472752e-01	8.525766e-01
CP021827.1	.	1238532	1	C	A	0.438	1.862601e-01	1.472462e-01	-6.829996e+01	2.388574e-01	2.723940e-01	2.121228e-01	1.995376e-01	2.103714e-01
CP021827.1	.	1238748	3	C	A	0.065	1.622100e-01	3.031495e-01	-6.897859e+01	1.828529e-01	2.193520e-01	5.951157e-01	5.911821e-01	5.952471e-01
CP021827.1	.	1238771	0	CGG	C	0.306	4.745775e-02	1.587508e-01	-6.907891e+01	1.939582e-01	2.239221e-01	7.663000e-01	7.669109e-01	7.694327e-01
CP021827.1	.	1238774	2	CAG	C	0.447	-2.353199e-01	1.458636e-01	-6.780071e+01	2.115064e-01	2.485277e-01	1.133772e-01	1.039243e-01	1.153607e-01
CP021827.1	.	1238784	2	T	C	0.213	2.194466e-01	1.803520e-01	-6.836750e+01	1.886017e-01	2.144738e-01	2.297674e-01	2.190357e-01	2.290802e-01
CP021827.1	.	1238814	4	G	T	0.133	1.609630e-01	2.229210e-01	-6.885285e+01	2.031927e-01	2.342186e-01	4.738332e-01	4.624372e-01	4.673245e-01
CP021827.1	.	1251680	0	A	G	0.122	2.747893e-01	2.191053e-01	-6.832971e+01	1.632378e-01	1.910966e-01	2.159919e-01	2.078606e-01	2.193805e-01
CP021827.1	.	1251716	0	A	G	0.102	1.558931e-01	2.422216e-01	-6.891693e+01	1.751631e-01	2.009083e-01	5.229650e-01	5.210510e-01	5.282243e-01
CP021827.1	.	1251722	0	A	G	0.163	6.092739e-02	1.989654e-01	-6.908081e+01	1.813265e-01	2.078208e-01	7.607888e-01	7.718778e-01	7.788144e-01
CP021827.1	.	1251737	1	A	G	0.083	-3.474912e-02	2.693233e-01	-6.911235e+01	2.229935e-01	2.541698e-01	8.978894e-01	8.848358e-01	8.892754e-01
CP021827.1	.	1251743	1	G	A	0.062	1.388495e-01	3.054669e-01	-6.902990e+01	1.617098e-01	1.878744e-01	6.515268e-01	6.663685e-01	6.791908e-01
CP021827.1	.	1251808	2	C	T	0.447	1.337059e-02	1.498665e-01	-6.911710e+01	2.106820e-01	2.476844e-01	9.292888e-01	9.146678e-01	9.171817e-01
CP021827.1	.	1251859	2	G	C	0.128	-3.749917e-01	2.247674e-01	-6.782114e+01	4.900900e-01	5.421617e-01	1.018950e-01	1.066351e-01	1.438551e-01
CP021827.1	.	1272656	0	A	C	0.082	-1.745644e-01	2.695845e-01	-6.890449e+01	2.214256e-01	2.437849e-01	5.204387e-01	5.087195e-01	5.130001e-01
CP021828.1	.	162459	4	AAAGT	A	0.289	-3.279956e-01	1.810276e-01	-6.769879e+01	6.367125e-01	6.775082e-01	7.640058e-02	9.148215e-02	1.467526e-01
CP021828.1	.	164965	0	C	CCG	0.306	1.400385e-01	1.595122e-01	-6.872612e+01	2.020975e-01	2.265087e-01	3.844546e-01	3.730642e-01	3.796663e-01
CP021828.1	.	168101	0	G	GT	0.020	-7.873972e-01	4.975849e-01	-6.784739e+01	2.684563e-01	3.243500e-01	1.202564e-01	1.102311e-01	1.237981e-01
CP021828.1	.	189160	2	A	G	0.021	3.996611e-01	5.145540e-01	-6.884347e+01	1.307194e-01	1.553714e-01	4.412194e-01	4.547656e-01	4.740691e-01
CP021828.1	.	195354	0	G	GCA	0.041	2.796128e-01	3.733694e-01	-6.883110e+01	2.253886e-01	2.504670e-01	4.576550e-01	4.449485e-01	4.504273e-01
CP021828.1	.	195381	0	A	G	0.020	-2.749254e-01	5.146465e-01	-6.897370e+01	2.084403e-01	2.417506e-01	5.957195e-01	5.849668e-01	5.881896e-01
CP021828.1	.	220772	1	C	CTT	0.062	9.615720e-02	3.065914e-01	-6.907642e+01	1.869963e-01	2.151141e-01	7.551875e-01	7.605919e-01	7.650255e-01
CP021828.1	.	225129	0	T	C	0.020	7.921186e-01	5.113911e-01	-6.791227e+01	1.767421e-01	1.966648e-01	1.281021e-01	1.197080e-01	1.316057e-01
CP021828.1	.	225887	0	A	T	0.020	-1.350732e-01	5.062888e-01	-6.909283e+01	1.673582e-01	2.167410e-01	7.907974e-01	8.064666e-01	8.108457e-01
CP021828.1	.	225895	3	C	A	0.022	-6.251095e-01	4.963052e-01	-6.831410e+01	1.669951e-01	2.298524e-01	2.140592e-01	2.034437e-01	2.134273e-01
CP021828.1	.	225933	0	G	GGC	0.082	1.165290e-01	2.687840e-01	-6.904880e+01	1.457240e-01	1.678614e-01	6.666049e-01	7.003694e-01	7.247461e-01
CP021828.1	.	227899	0	A	C	0.020	2.601754e-01	5.096992e-01	-6.900038e+01	1.598346e-01	1.977147e-01	6.121261e-01	6.206740e-01	6.293238e-01
CP021828.1	.	227901	0	G	T	0.041	-5.347934e-01	3.581078e-01	-6.807699e+01	7.347943e-02	1.046040e-01	1.420194e-01	1.481018e-01	1.686505e-01
CP021828.1	.	245493	0	GGC	G	0.041	1.647431e-01	3.642494e-01	-6.901597e+01	1.971194e-01	2.394745e-01	6.531472e-01	6.438496e-01	6.463655e-01
CP021828.1	.	245841	1	GT	G	0.375	-2.405878e-01	1.482591e-01	-6.795596e+01	2.847095e-02	3.535797e-02	1.113319e-01	1.265962e-01	1.567546e-01
CP021828.1	.	247174	1	T	C	0.104	-3.293662e-02	2.380293e-01	-6.911302e+01	1.919202e-01	2.363859e-01	8.905375e-01	8.885542e-01	8.891688e-01
CP021828.1	.	247211	0	T	G	0.367	-3.896165e-02	1.525895e-01	-6.909225e+01	1.931207e-01	2.196564e-01	7.995774e-01	8.046429e-01	8.081471e-01
CP021828.1	.	247240	0	C	CT	0.449	-1.455777e-01	1.473425e-01	-6.862737e+01	1.798184e-01	1.990467e-01	3.282010e-01	3.195115e-01	3.287775e-01
CP021828.1	.	247256	0	T	C	0.429	-6.295578e-04	1.500133e-01	-6.912284e+01	2.154470e-01	2.369577e-01	9.966693e-01	9.998054e-01	9.998070e-01
CP021828.1	.	247264	0	G	T	0.020	8.016420e-01	5.003448e-01	-6.783864e+01	1.508649e-01	1.847864e-01	1.158165e-01	1.090176e-01	1.213573e-01
CP021828.1	.	247278	0	A	C	0.020	-7.406541e-01	4.993571e-01	-6.800334e+01	2.925736e-01	3.490444e-01	1.446924e-01	1.345682e-01	1.501892e-01
CP021828.1	.	249146	0	ATT	A	0.347	-1.813477e-01	1.510197e-01	-6.837999e+01	2.194127e-01	2.559584e-01	2.358374e-01	2.228840e-01	2.327018e-01
CP021828.1	.	256680	3	CG	C	0.283	1.225589e-01	1.689576e-01	-6.885367e+01	1.942188e-01	2.182005e-01	4.718139e-01	4.631209e-01	4.686464e-01
CP021828.1	.	267152	0	CG	C	0.082	3.811445e-01	2.611739e-01	-6.817058e+01	4.715062e-02	5.840344e-02	1.511201e-01	1.675731e-01	1.987412e-01
CP021828.1	.	267473	2	C	T	0.085	1.917331e-01	2.658425e-01	-6.889762e+01	1.162482e-01	1.420150e-01	4.743419e-01	5.021248e-01	5.292554e-01
CP021828.1	.	267491	0	C	G	0.041	-2.652511e-01	3.611572e-01	-6.884239e+01	1.940873e-01	2.411878e-01	4.663244e-01	4.538950e-01	4.589395e-01
CP021828.1	.	267541	3	G	GGT	0.435	-2.694981e-01	1.464619e-01	-6.761176e+01	1.690111e-02	2.618335e-02	7.207948e-02	8.213369e-02	1.067543e-01
CP021828.1	.	267546	3	C	CG	0.413	-2.798197e-01	1.469103e-01	-6.752236e+01	5.083638e-03	9.102213e-03	6.294947e-02	7.359526e-02	9.842912e-02
CP021828.1	.	268239	0	C	CGA	0.367	-1.200073e-01	1.512580e-01	-6.879617e+01	2.107909e-01	2.429223e-01	4.315352e-01	4.189226e-01	4.245862e-01
CP021828.1	.	272788	0	A	AC	0.061	1.330231e-01	2.991445e-01	-6.901322e+01	2.391825e-01	2.935894e-01	6.585932e-01	6.396257e-01	6.535171e-01
CP021828.1	.	278508	0	G	GT	0.020	4.657607e-01	4.973835e-01	-6.866524e+01	2.812103e-01	3.505868e-01	3.538431e-01	3.387377e-01	3.601988e-01
CP021828.1	.	281319	0	C	A	0.082	-1.378533e-01	2.625984e-01	-6.899405e+01	1.544697e-01	1.993884e-01	6.020795e-01	6.117933e-01	6.193936e-01
CP021828.1	.	284748	0	T	G	0.204	-1.269149e-01	1.882282e-01	-6.889784e+01	3.089473e-01	3.300537e-01	5.034488e-01	5.023341e-01	5.247218e-01
CP021828.1	.	284766	1	C	A	0.292	-6.058650e-02	1.681042e-01	-6.905701e+01	2.698356e-01	2.895654e-01	7.201550e-01	7.167073e-01	7.313804e-01
CP021828.1	.	284773	1	T	C	0.354	1.765903e-02	1.594847e-01	-6.911770e+01	2.124975e-01	2.242367e-01	9.123055e-01	9.192528e-01	9.227371e-01
CP021828.1	.	284794	1	A	G	0.354	-1.229705e-01	1.598101e-01	-6.883262e+01	3.263133e-01	3.504963e-01	4.454591e-01	4.461376e-01	4.727080e-01
CP021828.1	.	284848	0	T	C	0.061	-3.250084e-01	3.140099e-01	-6.861599e+01	3.915387e-01	4.316790e-01	3.059530e-01	3.140196e-01	3.559609e-01
CP021828.1	.	284860	0	G	A	0.020	7.960958e-01	5.012543e-01	-6.788185e+01	1.208954e-01	1.497125e-01	1.189448e-01	1.151574e-01	1.296154e-01
CP021828.1	.	285106	0	C	G	0.204	4.249441e-02	1.836015e-01	-6.909703e+01	2.008086e-01	2.241486e-01	8.179706e-01	8.202738e-01	8.227076e-01
CP021828.1	.	285187	0	G	C	0.041	-6.155237e-02	3.672916e-01	-6.911046e+01	1.912775e-01	2.268527e-01	8.676292e-01	8.749440e-01	8.769436e-01
CP021828.1	.	285282	2	C	T	0.043	3.503379e-01	3.663590e-01	-6.871996e+01	9.203877e-02	1.119831e-01	3.438292e-01	3.693783e-01	4.024123e-01
CP021828.1	.	285298	2	A	G	0.064	1.381944e-01	3.057200e-01	-6.902701e+01	1.707103e-01	1.981440e-01	6.533272e-01	6.615440e-01	6.702125e-01
CP021828.1	.	285301	3	A	G	0.087	3.558820e-01	2.604776e-01	-6.818828e+01	1.483826e-01	1.838069e-01	1.783568e-01	1.715757e-01	1.838134e-01
CP021828.1	.	288053	1	GCC	G	0.167	2.540513e-01	1.944838e-01	-6.839954e+01	3.773666e-02	4.861895e-02	1.978125e-01	2.290728e-01	2.705901e-01
CP021828.1	.	288056	1	A	C	0.146	2.893980e-01	2.037302e-01	-6.832700e+01	1.000000e-05	1.000000e-05	1.620634e-01	2.070848e-01	2.814136e-01
CP021828.1	.	288081	1	CGCGAGT	C	0.062	5.508456e-01	2.933900e-01	-6.753027e+01	2.322615e-02	3.352590e-02	6.666039e-02	7.431074e-02	9.704066e-02
CP021828.1	.	291191	0	C	CG	0.449	5.416695e-02	1.535523e-01	-6.907622e+01	1.574655e-01	1.422259e-01	7.258464e-01	7.600883e-01	8.054025e-01
CP021828.1	.	292665	2	TA	T	0.447	4.048435e-03	1.530444e-01	-6.912274e+01	2.135586e-01	2.354060e-01	9.790083e-01	9.885821e-01	9.889717e-01
CP021828.1	.	296579	3	T	TC	0.065	-5.745163e-01	2.891890e-01	-6.719864e+01	4.128284e-01	4.970451e-01	5.280905e-02	4.979341e-02	6.740219e-02
CP021828.1	.	297100	0	A	T	0.041	-4.958133e-01	3.592364e-01	-6.821132e+01	9.657494e-02	1.295942e-01	1.740591e-01	1.769520e-01	1.948298e-01
CP021828.1	.	297103	0	A	T	0.020	3.428755e-01	5.099463e-01	-6.888511e+01	2.161804e-01	2.572655e-01	5.046368e-01	4.904852e-01	4.958354e-01
CP021828.1	.	297736	0	A	G	0.184	8.626830e-02	1.891765e-01	-6.901441e+01	2.080076e-01	2.395807e-01	6.504756e-01	6.414487e-01	6.439902e-01
CP021828.1	.	297754	2	A	G	0.085	1.348838e-01	2.647190e-01	-6.898338e+01	2.313857e-01	2.760216e-01	6.127610e-01	5.974139e-01	6.049543e-01
CP021828.1	.	297802	1	G	A	0.021	3.172061e-01	5.179129e-01	-6.892947e+01	1.989089e-01	2.309945e-01	5.431789e-01	5.340214e-01	5.379116e-01
CP021828.1	.	298110	0	G	C	0.224	-9.892492e-02	1.741159e-01	-6.895161e+01	2.350819e-01	2.723904e-01	5.726338e-01	5.584158e-01	5.655299e-01
CP021828.1	.	298986	0	T	C	0.020	1.135795e-01	5.077150e-01	-6.909546e+01	1.964965e-01	2.424180e-01	8.239547e-01	8.149772e-01	8.162945e-01
CP021828.1	.	299051	2	C	T	0.043	1.222645e-01	3.700499e-01	-6.907631e+01	1.703363e-01	1.999777e-01	7.425661e-01	7.603304e-01	7.703431e-01
CP021828.1	.	300818	2	A	G	0.340	-8.736409e-02	1.560204e-01	-6.897300e+01	1.618476e-01	1.955042e-01	5.781706e-01	5.840782e-01	5.929046e-01
CP021828.1	.	301039	4	A	C	0.044	-1.669577e-01	3.723974e-01	-6.901583e+01	2.398457e-01	2.713673e-01	6.559736e-01	6.436282e-01	6.507152e-01
CP021828.1	.	301132	0	T	C	0.449	5.448740e-02	1.472546e-01	-6.906622e+01	1.611856e-01	1.887288e-01	7.130285e-01	7.364777e-01	7.512834e-01
CP021828.1	.	301231	0	G	A	0.184	-2.405053e-02	1.915872e-01	-6.911369e+01	2.200151e-01	2.456813e-01	9.006370e-01	8.923640e-01	8.940609e-01
CP021828.1	.	301273	3	C	T	0.087	1.161056e-01	2.734359e-01	-6.903924e+01	1.755765e-01	1.895388e-01	6.730532e-01	6.826062e-01	6.945390e-01
CP021828.1	.	301297	0	A	G	0.061	1.118971e-01	3.121556e-01	-6.906123e+01	1.909604e-01	2.057628e-01	7.216000e-01	7.255597e-01	7.323551e-01
CP021828.1	.	301548	0	C	T	0.102	7.250224e-02	2.414454e-01	-6.907725e+01	1.978116e-01	2.299787e-01	7.652846e-01	7.626913e-01	7.644404e-01
CP021828.1	.	301581	0	T	C	0.102	-4.848539e-01	2.409687e-01	-6.727482e+01	5.784747e-01	6.527304e-01	4.996038e-02	5.454156e-02	8.467811e-02
CP021828.1	.	302464	0	G	T	0.061	-1.205335e-01	2.992840e-01	-6.904755e+01	1.643901e-01	2.110828e-01	6.889659e-01	6.979719e-01	7.031270e-01
CP021828.1	.	360934	0	T	C	0.020	2.490834e-01	5.245067e-01	-6.902034e+01	1.642149e-01	1.788136e-01	6.370642e-01	6.507077e-01	6.669811e-01
CP021828.1	.	364930	2	A	G	0.043	-2.157262e-01	3.655959e-01	-6.894350e+01	1.931752e-01	2.291308e-01	5.579718e-01	5.492421e-01	5.530247e-01
CP021828.1	.	364939	1	G	A	0.083	-3.596184e-01	2.585012e-01	-6.815143e+01	1.514893e-01	1.887719e-01	1.707255e-01	1.633625e-01	1.754576e-01
CP021828.1	.	365005	0	G	A	0.020	9.195876e-02	5.086748e-01	-6.910230e+01	2.068039e-01	2.552119e-01	8.573167e-01	8.393625e-01	8.433815e-01
CP021828.1	.	365016	1	C	G	0.042	-3.025546e-01	3.625575e-01	-6.879278e+01	1.299130e-01	1.723131e-01	4.082204e-01	4.165156e-01	4.293879e-01
CP021828.1	.	365134	0	T	G	0.061	-1.842698e-01	3.006996e-01	-6.892561e+01	2.083811e-01	2.493599e-01	5.429601e-01	5.299589e-01	5.342170e-01
CP021828.1	.	365146	1	G	A	0.104	-3.271565e-02	2.418088e-01	-6.911162e+01	2.142045e-01	2.489361e-01	8.929560e-01	8.809107e-01	8.834064e-01
CP021828.1	.	365169	0	T	A	0.061	-5.275850e-01	2.951585e-01	-6.750859e+01	2.248050e-01	2.619552e-01	8.031163e-02	7.236683e-02	8.374970e-02
CP021828.1	.	365170	0	T	G	0.041	-5.371488e-01	3.641808e-01	-6.801218e+01	2.312416e-01	2.608391e-01	1.468935e-01	1.361170e-01	1.474801e-01
CP021828.1	.	365221	0	A	G	0.224	-1.589090e-01	1.728967e-01	-6.868717e+01	1.984507e-01	2.323887e-01	3.627376e-01	3.505853e-01	3.575020e-01
CP021828.1	.	365233	3	T	G	0.370	3.101989e-02	1.579668e-01	-6.910359e+01	2.069253e-01	2.310600e-01	8.451675e-01	8.444504e-01	8.456821e-01
CP021828.1	.	365248	2	A	G	0.191	2.792355e-01	1.867135e-01	-6.798404e+01	2.084694e-01	2.357719e-01	1.414614e-01	1.312556e-01	1.424342e-01
CP021828.1	.	365251	4	T	C	0.178	3.787276e-03	2.006867e-01	-6.912282e+01	2.072291e-01	2.364221e-01	9.850234e-01	9.948631e-01	9.949809e-01
CP021828.1	.	365254	2	A	G	0.149	1.512234e-01	2.106078e-01	-6.887223e+01	1.590883e-01	1.783677e-01	4.762909e-01	4.789662e-01	4.914594e-01
CP021828.1	.	365264	2	G	C	0.468	-1.676191e-01	1.483663e-01	-6.856459e+01	6.998294e-02	7.783564e-02	2.643081e-01	2.906750e-01	3.304693e-01
CP021828.1	.	365296	3	A	G	0.261	1.887631e-01	1.738851e-01	-6.852234e+01	1.884231e-01	1.992053e-01	2.832095e-01	2.731234e-01	2.830274e-01
CP021828.1	.	365299	1	A	G	0.354	2.450442e-01	1.509909e-01	-6.788006e+01	7.367626e-02	8.210119e-02	1.112987e-01	1.148956e-01	1.373302e-01
CP021828.1	.	365326	2	A	G	0.277	2.010889e-01	1.671210e-01	-6.841383e+01	1.315148e-01	1.384646e-01	2.349045e-01	2.337283e-01	2.521523e-01
CP021828.1	.	365329	2	G	C	0.468	1.734361e-01	1.496375e-01	-6.843091e+01	2.501735e-01	2.789723e-01	2.522940e-01	2.394444e-01	2.500406e-01
CP021828.1	.	365413	3	T	A	0.174	1.307284e-01	2.007582e-01	-6.894586e+01	1.197957e-01	1.334532e-01	5.181059e-01	5.518827e-01	5.842064e-01
CP021828.1	.	365437	0	G	T	0.041	-3.305675e-01	3.708278e-01	-6.872906e+01	3.353538e-01	3.860964e-01	3.772390e-01	3.748369e-01	4.064271e-01
CP021828.1	.	365455	2	A	G	0.213	2.252107e-01	1.800366e-01	-6.843478e+01	5.905673e-02	6.590120e-02	2.171564e-01	2.407617e-01	2.809369e-01
CP021828.1	.	365462	2	C	G	0.191	2.583390e-01	1.858941e-01	-6.830933e+01	2.642619e-02	2.555869e-02	1.711648e-01	2.021166e-01	2.522639e-01
CP021828.1	.	365470	3	T	C	0.217	1.173201e-01	1.849057e-01	-6.894455e+01	1.364238e-01	1.471666e-01	5.288400e-01	5.504149e-01	5.781746e-01
CP021828.1	.	365473	4	C	T	0.178	2.536759e-01	1.964078e-01	-6.840856e+01	4.353569e-02	4.786422e-02	2.028192e-01	2.320008e-01	2.786714e-01
CP021828.1	.	365506	1	A	G	0.188	1.406679e-01	1.892994e-01	-6.886548e+01	1.377112e-01	1.587268e-01	4.611211e-01	4.731049e-01	4.914101e-01
CP021828.1	.	365512	0	A	G	0.347	2.072353e-01	1.523413e-01	-6.819441e+01	1.569876e-01	1.777461e-01	1.802126e-01	1.729882e-01	1.853954e-01
CP021828.1	.	365529	3	A	C	0.457	-1.279692e-01	1.525727e-01	-6.879071e+01	1.345213e-01	1.473226e-01	4.058594e-01	4.150579e-01	4.346095e-01
CP021828.1	.	365581	3	G	T	0.326	-1.070886e-02	1.641509e-01	-6.911997e+01	2.225906e-01	2.444822e-01	9.482613e-01	9.396285e-01	9.413992e-01
CP021828.1	.	365593	0	G	A	0.143	3.040291e-01	2.045899e-01	-6.804391e+01	1.151401e-01	1.369120e-01	1.439458e-01	1.418426e-01	1.578431e-01
CP021828.1	.	365602	1	A	G	0.146	2.296408e-01	2.088446e-01	-6.853977e+01	1.244146e-01	1.384149e-01	2.771168e-01	2.801968e-01	2.989169e-01
CP021828.1	.	365605	0	T	G	0.082	4.608538e-01	2.567863e-01	-6.773291e+01	1.000000e-05	1.000000e-05	7.913449e-02	9.545660e-02	1.303299e-01
CP021828.1	.	365659	0	A	G	0.041	2.714974e-01	3.668569e-01	-6.886747e+01	1.364503e-01	1.649400e-01	4.629423e-01	4.748148e-01	4.912354e-01
CP021828.1	.	365733	1	G	T	0.333	2.373358e-01	1.543722e-01	-6.800745e+01	7.865698e-02	8.266405e-02	1.308947e-01	1.352862e-01	1.567813e-01
CP021828.1	.	365740	2	G	A	0.255	2.365472e-01	1.690339e-01	-6.823958e+01	5.753905e-02	5.502015e-02	1.682565e-01	1.838123e-01	2.160622e-01
CP021828.1	.	365743	4	G	C	0.267	2.145688e-01	1.708832e-01	-6.844486e+01	4.916442e-02	4.287215e-02	2.154511e-01	2.442380e-01	2.897177e-01
CP021828.1	.	365766	0	T	C	0.224	8.099518e-02	1.788545e-01	-6.902508e+01	1.794370e-01	1.921810e-01	6.527368e-01	6.583576e-01	6.688325e-01
CP021828.1	.	365781	0	T	C	0.041	2.958165e-01	3.646650e-01	-6.879734e+01	1.574906e-01	1.914464e-01	4.213395e-01	4.197574e-01	4.291459e-01
CP021828.1	.	365794	2	A	G	0.064	3.960336e-01	2.991183e-01	-6.830516e+01	8.288661e-02	1.066252e-01	1.919054e-01	2.009627e-01	2.236030e-01
CP021828.1	.	365824	4	G	C	0.044	5.359343e-01	3.604861e-01	-6.819214e+01	1.607094e-02	2.295852e-02	1.437724e-01	1.724627e-01	2.161436e-01
CP021828.1	.	365839	2	G	A	0.191	-1.355298e-01	1.925688e-01	-6.886910e+01	2.828010e-01	3.118076e-01	4.850299e-01	4.762331e-01	4.923679e-01
CP021828.1	.	365881	3	C	A	0.109	-3.544560e-01	2.352478e-01	-6.799161e+01	1.419375e-01	1.701803e-01	1.385711e-01	1.325429e-01	1.460369e-01
CP021828.1	.	365899	1	C	G	0.438	-1.646142e-01	1.511345e-01	-6.852073e+01	3.033986e-01	3.285456e-01	2.816234e-01	2.724815e-01	2.893956e-01
CP021828.1	.	365931	4	C	T	0.333	-7.823745e-02	1.658992e-01	-6.900747e+01	2.596837e-01	2.799547e-01	6.393970e-01	6.309796e-01	6.403283e-01
CP021828.1	.	392642	2	A	G	0.489	-2.603933e-01	1.439918e-01	-6.748361e+01	1.739587e-01	2.014381e-01	7.694618e-02	7.019446e-02	8.174156e-02
CP021828.1	.	392819	0	G	C	0.224	1.660295e-01	1.750201e-01	-6.869467e+01	1.274350e-01	1.457905e-01	3.476608e-01	3.547670e-01	3.730732e-01
CP021828.1	.	626056	1	C	T	0.125	9.407996e-02	2.316433e-01	-6.904196e+01	1.943597e-01	1.980436e-01	6.864820e-01	6.875384e-01	6.963328e-01
CP021828.1	.	626067	0	AG	A	0.143	2.061326e-02	2.170212e-01	-6.911855e+01	2.218297e-01	2.305076e-01	9.247324e-01	9.261662e-01	9.274463e-01
CP021828.1	.	626086	1	C	T	0.167	-1.515620e-02	2.074856e-01	-6.911995e+01	2.393913e-01	2.467500e-01	9.420787e-01	9.393739e-01	9.420704e-01
CP021828.1	.	626107	3	C	T	0.217	1.145234e-01	1.870265e-01	-6.893722e+01	1.790745e-01	1.917798e-01	5.432655e-01	5.423257e-01	5.511835e-01
CP021828.1	.	626113	3	T	C	0.196	7.409962e-02	1.982708e-01	-6.905519e+01	1.940781e-01	1.950633e-01	7.102863e-01	7.130067e-01	7.232998e-01
CP021828.1	.	626140	2	C	G	0.064	2.300417e-04	3.058847e-01	-6.912266e+01	2.047167e-01	2.391891e-01	9.994031e-01	9.848575e-01	9.854362e-01
CP021828.1	.	626152	0	G	A	0.204	-5.428080e-02	1.940984e-01	-6.908686e+01	2.818503e-01	2.810964e-01	7.809684e-01	7.885066e-01	8.022531e-01
CP021828.1	.	626167	2	C	T	0.255	2.985495e-02	1.756860e-01	-6.910776e+01	2.209158e-01	2.375317e-01	8.657917e-01	8.621400e-01	8.629102e-01
CP021828.1	.	626170	3	C	G	0.217	-1.681710e-02	1.920336e-01	-6.911883e+01	2.404435e-01	2.447108e-01	9.305875e-01	9.286292e-01	9.303264e-01
CP021828.1	.	626221	0	C	G	0.490	-1.777147e-01	1.462784e-01	-6.845621e+01	7.532623e-02	6.710278e-02	2.304698e-01	2.482250e-01	2.851113e-01
CP021828.1	.	626227	1	T	C	0.479	2.291092e-01	1.444207e-01	-6.802402e+01	2.262314e-02	1.562631e-05	1.193540e-01	1.382228e-01	1.777646e-01
CP021828.1	.	626260	2	C	T	0.489	-2.786879e-01	1.427770e-01	-6.744724e+01	1.000000e-05	1.000000e-05	5.692138e-02	6.715573e-02	1.096595e-01
CP021828.1	.	626271	0	T	TC	0.469	4.125538e-01	1.326158e-01	-6.476968e+01	1.000000e-05	1.000000e-05	3.167672e-03	3.171082e-03	9.548838e-03
CP021828.1	.	626284	3	A	C	0.435	3.278105e-01	1.435616e-01	-6.677942e+01	1.000000e-05	1.000000e-05	2.697105e-02	3.039438e-02	7.345732e-02
CP021828.1	.	626286	3	A	C	0.457	3.523608e-01	1.415506e-01	-6.632264e+01	1.000000e-05	1.000000e-05	1.639664e-02	1.795641e-02	4.508730e-02
CP021828.1	.	626293	0	T	C	0.388	2.748650e-01	1.436755e-01	-6.751968e+01	1.000000e-05	1.000000e-05	6.183886e-02	7.335426e-02	1.397762e-01
CP021828.1	.	626298	1	C	T	0.438	4.414597e-03	1.628745e-01	-6.912077e+01	2.462105e-01	2.058341e-01	9.784913e-01	9.487283e-01	9.658954e-01
CP021828.1	.	626305	2	A	G	0.383	2.558468e-01	1.480260e-01	-6.784714e+01	1.000000e-05	1.000000e-05	9.048337e-02	1.101963e-01	1.922685e-01
CP021828.1	.	626308	1	G	T	0.396	2.530574e-01	1.455508e-01	-6.782977e+01	1.000000e-05	1.000000e-05	8.864923e-02	1.078020e-01	1.880852e-01
CP021828.1	.	661775	1	C	T	0.208	1.464220e-01	1.811697e-01	-6.878192e+01	2.308583e-01	2.651517e-01	4.230454e-01	4.089559e-01	4.160329e-01
CP021828.1	.	897897	1	T	C	0.021	9.187960e-02	5.171085e-01	-6.910731e+01	1.999521e-01	2.321688e-01	8.597382e-01	8.601007e-01	8.611382e-01
CP021828.1	.	898518	0	G	C	0.041	-4.923742e-01	3.593348e-01	-6.816074e+01	2.128629e-01	2.509516e-01	1.771225e-01	1.653942e-01	1.761784e-01
CP021828.1	.	911042	0	A	T	0.020	-1.712111e-02	5.086895e-01	-6.912260e+01	1.908978e-01	2.358327e-01	9.732930e-01	9.824000e-01	9.826102e-01
CP021828.1	.	994802	1	C	T	0.062	4.906771e-01	2.946016e-01	-6.776431e+01	4.007107e-01	4.660453e-01	1.024534e-01	9.928069e-02	1.237481e-01
CP021828.1	.	994803	0	A	C	0.061	3.483757e-01	2.941186e-01	-6.839700e+01	2.153431e-01	2.649011e-01	2.421810e-01	2.282580e-01	2.383192e-01
CP021828.1	.	995452	0	T	C	0.041	3.198506e-01	3.663278e-01	-6.878125e+01	1.075254e-01	1.315364e-01	3.870332e-01	4.084956e-01	4.348871e-01
CP021828.1	.	1322288	2	C	G	0.021	-5.992280e-01	5.233888e-01	-6.845931e+01	3.100294e-01	3.370691e-01	2.580474e-01	2.493271e-01	2.673572e-01
CP021828.1	.	1322354	0	G	A	0.041	1.150668e-01	3.789270e-01	-6.907870e+01	1.968629e-01	2.109424e-01	7.627235e-01	7.663793e-01	7.720372e-01
CP021828.1	.	1452970	0	G	T	0.020	-4.608315e-01	5.094020e-01	-6.869609e+01	2.497176e-01	2.918376e-01	3.702638e-01	3.555614e-01	3.664276e-01
CP021828.1	.	1452986	2	CA	C	0.064	4.626356e-01	3.003222e-01	-6.794728e+01	1.344755e-01	1.538858e-01	1.301537e-01	1.251923e-01	1.392627e-01
CP021828.1	.	1471780	2	G	A	0.468	-3.759897e-02	1.503861e-01	-6.908739e+01	2.349891e-01	2.707115e-01	8.036644e-01	7.900238e-01	7.988188e-01
