chr	rs	ps	n_miss	allele1	allele0	af	beta	se	logl_H1	l_remle	l_mle	p_wald	p_lrt	p_score
CP021825.1	.	10624	0	T	TCTGGCCGGACG	0.184	-9.492219e-02	1.713102e-01	-5.848722e+01	7.918345e+00	1.000000e+05	5.821406e-01	5.295776e-01	5.334428e-01
CP021825.1	.	218304	0	T	C	0.020	3.950426e-01	4.173936e-01	-5.813013e+01	7.731868e+00	1.000000e+05	3.487593e-01	2.922186e-01	3.003021e-01
CP021825.1	.	526844	0	G	T	0.020	-1.525725e-01	4.147934e-01	-5.853036e+01	7.013770e+00	1.000000e+05	7.146531e-01	5.783424e-01	5.815722e-01
CP021825.1	.	1038788	1	G	C	0.312	-5.844732e-02	1.506377e-01	-5.852777e+01	8.224916e+00	1.000000e+05	6.997683e-01	5.751808e-01	5.784495e-01
CP021825.1	.	1038838	4	C	T	0.244	-3.666446e-02	1.679275e-01	-5.867414e+01	6.746376e+00	1.000000e+05	8.281134e-01	8.837989e-01	8.844364e-01
CP021825.1	.	1247320	0	T	C	0.020	-7.329507e-01	3.831023e-01	-5.684117e+01	6.020969e+00	1.000000e+05	6.182542e-02	5.482847e-02	6.566674e-02
CP021825.1	.	1356055	0	T	TC	0.163	1.572734e-01	1.914121e-01	-5.830200e+01	7.373462e+00	1.000000e+05	4.154256e-01	3.815744e-01	3.878615e-01
CP021825.1	.	1358090	0	G	T	0.041	7.934314e-02	3.126622e-01	-5.866161e+01	6.409934e+00	1.000000e+05	8.007829e-01	8.294352e-01	8.304068e-01
CP021825.1	.	1358203	0	ATG	A	0.388	1.192050e-01	1.451549e-01	-5.838185e+01	6.668087e+00	1.000000e+05	4.156638e-01	4.363235e-01	4.416270e-01
CP021825.1	.	1360089	0	C	T	0.020	-2.478328e-01	4.891823e-01	-5.844075e+01	8.950988e+00	1.000000e+05	6.147855e-01	4.847615e-01	4.892805e-01
CP021825.1	.	1377217	0	G	A	0.020	4.180732e-01	3.934138e-01	-5.784565e+01	1.086657e+01	1.000000e+05	2.933566e-01	1.951459e-01	2.052654e-01
CP021825.1	.	1377263	2	G	C	0.213	1.001911e-01	1.828416e-01	-5.846524e+01	7.638446e+00	1.000000e+05	5.863080e-01	5.075325e-01	5.117108e-01
CP021825.1	.	1377284	3	A	C	0.087	1.924584e-01	2.492539e-01	-5.845565e+01	5.844151e+00	1.000000e+05	4.438981e-01	4.984021e-01	5.027149e-01
CP021825.1	.	1377293	1	G	C	0.146	1.603167e-01	2.075922e-01	-5.853681e+01	5.202210e+00	1.000000e+05	4.438222e-01	5.863963e-01	5.895285e-01
CP021825.1	.	1377296	0	T	C	0.184	2.335118e-01	1.947233e-01	-5.816403e+01	4.743415e+00	1.000000e+05	2.364621e-01	3.074571e-01	3.152211e-01
CP021825.1	.	1377315	0	G	C	0.102	2.466981e-01	2.252736e-01	-5.836605e+01	4.677580e+00	1.000000e+05	2.790513e-01	4.246063e-01	4.301118e-01
CP021825.1	.	1377395	0	C	T	0.061	-4.108320e-02	2.544904e-01	-5.864931e+01	6.618336e+00	1.000000e+05	8.724442e-01	7.898631e-01	7.911027e-01
CP021825.1	.	1377398	0	T	C	0.020	-1.214848e-01	4.815501e-01	-5.856589e+01	7.724530e+00	1.000000e+05	8.019258e-01	6.257677e-01	6.284507e-01
CP021825.1	.	1377584	2	A	G	0.106	-2.300530e-01	2.277098e-01	-5.827487e+01	6.172624e+00	1.000000e+05	3.175294e-01	3.652106e-01	3.718106e-01
CP021825.1	.	1377602	1	C	T	0.125	-1.975679e-01	2.145578e-01	-5.835467e+01	5.968498e+00	1.000000e+05	3.618497e-01	4.164569e-01	4.221057e-01
CP021825.1	.	1377690	0	A	G	0.041	-1.795931e-01	3.558865e-01	-5.859977e+01	6.121412e+00	1.000000e+05	6.161725e-01	6.800338e-01	6.821693e-01
CP021825.1	.	1377704	1	A	T	0.500	2.944571e-02	1.372439e-01	-5.865247e+01	6.947791e+00	1.000000e+05	8.310462e-01	7.992342e-01	8.004082e-01
CP021825.1	.	1377749	0	A	C	0.041	1.616979e-01	2.902528e-01	-5.841665e+01	7.280920e+00	1.000000e+05	5.801072e-01	4.639550e-01	4.688010e-01
CP021825.1	.	1377794	0	G	C	0.082	-3.150076e-02	2.174658e-01	-5.868481e+01	5.938889e+00	1.000000e+05	8.854456e-01	9.964413e-01	9.964602e-01
CP021825.1	.	1377877	2	A	G	0.128	4.630992e-02	1.890207e-01	-5.859458e+01	7.047120e+00	1.000000e+05	8.075237e-01	6.709639e-01	6.731855e-01
CP021825.1	.	1732471	0	A	AT	0.061	-1.245301e-01	3.224828e-01	-5.863262e+01	7.198158e+00	1.000000e+05	7.011204e-01	7.466204e-01	7.481830e-01
CP021825.1	.	1732500	1	G	A	0.083	-2.530365e-01	2.647831e-01	-5.829896e+01	6.831781e+00	1.000000e+05	3.441455e-01	3.796857e-01	3.860085e-01
CP021825.1	.	1732515	1	T	G	0.292	1.353163e-02	1.750043e-01	-5.860698e+01	6.656575e+00	1.000000e+05	9.386959e-01	6.931756e-01	6.951899e-01
CP021825.1	.	1732521	0	G	T	0.224	7.397091e-02	1.881801e-01	-5.864831e+01	6.532120e+00	1.000000e+05	6.960335e-01	7.870119e-01	7.882718e-01
CP021825.1	.	1732545	3	A	G	0.304	-1.488783e-01	1.839486e-01	-5.814153e+01	1.503999e+01	1.000000e+05	4.223937e-01	2.972318e-01	3.052097e-01
CP021825.1	.	1732551	1	T	C	0.312	-6.502331e-02	1.839179e-01	-5.851506e+01	9.135424e+00	1.000000e+05	7.252607e-01	5.601107e-01	5.635691e-01
CP021825.1	.	1732566	2	C	A	0.404	4.322623e-02	1.527593e-01	-5.857401e+01	8.036319e+00	1.000000e+05	7.784428e-01	6.378128e-01	6.403674e-01
CP021825.1	.	1732594	3	A	G	0.174	-4.321932e-03	1.894634e-01	-5.868478e+01	6.907299e+00	1.000000e+05	9.818973e-01	9.928248e-01	9.928628e-01
CP021825.1	.	1904758	0	G	C	0.041	2.363521e-01	3.592160e-01	-5.853314e+01	6.155647e+00	1.000000e+05	5.137697e-01	5.817858e-01	5.849736e-01
CP021826.1	.	143947	0	AT	A	0.469	-7.442652e-02	1.355429e-01	-5.859251e+01	6.115188e+00	1.000000e+05	5.855368e-01	6.674393e-01	6.696949e-01
CP021826.1	.	148361	3	CA	C	0.022	1.555262e-01	3.861452e-01	-5.842613e+01	7.279153e+00	1.000000e+05	6.889465e-01	4.719639e-01	4.766823e-01
CP021827.1	.	12013	3	A	AT	0.478	3.509718e-01	1.474237e-01	-5.680077e+01	2.815371e+00	1.000000e+05	2.138519e-02	5.223929e-02	6.298516e-02
CP021827.1	.	12058	0	A	AGGG	0.469	2.538934e-01	1.435815e-01	-5.794523e+01	2.842955e+00	1.000000e+05	8.350304e-02	2.239029e-01	2.334359e-01
CP021827.1	.	16476	4	AC	A	0.467	-1.509178e-01	1.492959e-01	-5.826700e+01	6.091267e+00	1.000000e+05	3.172576e-01	3.606471e-01	3.673359e-01
CP021827.1	.	74787	2	A	G	0.043	-5.027191e-01	3.346214e-01	-5.757583e+01	6.647409e+00	1.000000e+05	1.396959e-01	1.364113e-01	1.475262e-01
CP021827.1	.	74828	0	G	C	0.061	-1.706842e-01	2.981854e-01	-5.866768e+01	5.198543e+00	1.000000e+05	5.697725e-01	8.531408e-01	8.539625e-01
CP021827.1	.	74859	1	GC	G	0.208	-8.495544e-02	1.628287e-01	-5.863062e+01	5.728791e+00	1.000000e+05	6.042965e-01	7.419728e-01	7.435722e-01
CP021827.1	.	74963	0	CG	C	0.163	1.569279e-01	1.664382e-01	-5.801100e+01	9.878247e+00	1.000000e+05	3.505739e-01	2.456912e-01	2.547641e-01
CP021827.1	.	74986	3	G	C	0.043	-1.556735e-01	3.122168e-01	-5.868202e+01	4.545973e+00	1.000000e+05	6.203819e-01	9.404398e-01	9.407586e-01
CP021827.1	.	109668	0	C	G	0.082	2.634410e-01	2.379839e-01	-5.808613e+01	7.371630e+00	1.000000e+05	2.739405e-01	2.738461e-01	2.823190e-01
CP021827.1	.	302275	3	A	AT	0.152	1.771543e-01	1.888667e-01	-5.822486e+01	7.165310e+00	1.000000e+05	3.530469e-01	3.374976e-01	3.446455e-01
CP021827.1	.	322944	0	C	T	0.061	6.423881e-02	2.956872e-01	-5.866861e+01	6.529448e+00	1.000000e+05	8.289519e-01	8.571352e-01	8.579323e-01
CP021827.1	.	322957	0	T	C	0.082	-3.119117e-01	2.301047e-01	-5.760149e+01	9.887024e+00	1.000000e+05	1.817302e-01	1.410330e-01	1.520867e-01
CP021827.1	.	352369	0	G	C	0.061	-1.367584e-01	3.057793e-01	-5.855420e+01	7.855539e+00	1.000000e+05	6.567523e-01	6.092741e-01	6.121397e-01
CP021827.1	.	352549	0	C	T	0.163	3.731168e-02	1.778698e-01	-5.856783e+01	7.344775e+00	1.000000e+05	8.347541e-01	6.285949e-01	6.312474e-01
CP021827.1	.	352609	0	G	A	0.122	-8.003575e-02	1.911263e-01	-5.860638e+01	6.571509e+00	1.000000e+05	6.773003e-01	6.920494e-01	6.940739e-01
CP021827.1	.	359548	0	C	A	0.224	-8.074177e-02	1.929396e-01	-5.847874e+01	9.405904e+00	1.000000e+05	6.775008e-01	5.208773e-01	5.248641e-01
CP021827.1	.	359571	1	G	A	0.354	7.318829e-02	1.686231e-01	-5.855489e+01	7.608280e+00	1.000000e+05	6.662492e-01	6.102285e-01	6.130833e-01
CP021827.1	.	359578	0	G	T	0.388	-7.452856e-03	1.488195e-01	-5.867223e+01	7.111220e+00	1.000000e+05	9.602710e-01	8.739607e-01	8.746563e-01
CP021827.1	.	387590	0	C	G	0.020	-6.575466e-01	3.938205e-01	-5.734341e+01	6.078205e+00	1.000000e+05	1.016347e-01	1.014365e-01	1.128393e-01
CP021827.1	.	392984	0	ACC	A	0.020	3.554413e-01	4.500782e-01	-5.825018e+01	8.286899e+00	1.000000e+05	4.336505e-01	3.511568e-01	3.580319e-01
CP021827.1	.	399746	1	C	A	0.146	-2.381077e-02	1.797857e-01	-5.867543e+01	6.367450e+00	1.000000e+05	8.952019e-01	8.910184e-01	8.916140e-01
CP021827.1	.	418234	0	T	G	0.020	2.062580e-01	3.886508e-01	-5.844560e+01	6.844967e+00	1.000000e+05	5.981237e-01	4.891311e-01	4.935833e-01
CP021827.1	.	431565	0	G	C	0.041	-2.371085e-01	3.588671e-01	-5.851632e+01	6.247960e+00	1.000000e+05	5.120214e-01	5.615671e-01	5.650069e-01
CP021827.1	.	431583	1	T	C	0.062	1.527035e-01	2.936263e-01	-5.851218e+01	7.569739e+00	1.000000e+05	6.054625e-01	5.567971e-01	5.602982e-01
CP021827.1	.	431631	3	C	A	0.065	-2.734693e-01	2.912010e-01	-5.810759e+01	8.985402e+00	1.000000e+05	3.524766e-01	2.826205e-01	2.909069e-01
CP021827.1	.	431663	3	G	A	0.348	1.210382e-01	1.479922e-01	-5.835310e+01	6.848523e+00	1.000000e+05	4.175593e-01	4.153542e-01	4.210226e-01
CP021827.1	.	431703	0	C	G	0.408	1.170788e-01	1.470950e-01	-5.821836e+01	9.190318e+00	1.000000e+05	4.300687e-01	3.341082e-01	3.413245e-01
CP021827.1	.	431760	4	C	G	0.356	9.235168e-02	1.472913e-01	-5.866551e+01	5.003910e+00	1.000000e+05	5.336933e-01	8.442196e-01	8.450969e-01
CP021827.1	.	431808	0	C	T	0.102	1.254862e-01	2.165957e-01	-5.838264e+01	9.024715e+00	1.000000e+05	5.651151e-01	4.369223e-01	4.422156e-01
CP021827.1	.	431838	0	A	C	0.041	9.730838e-02	3.328038e-01	-5.867849e+01	6.464431e+00	1.000000e+05	7.712756e-01	9.104507e-01	9.109354e-01
CP021827.1	.	431967	3	G	T	0.087	-1.101674e-02	2.336442e-01	-5.867142e+01	6.559566e+00	1.000000e+05	9.625921e-01	8.699850e-01	8.707044e-01
CP021827.1	.	431968	4	C	T	0.044	-2.103433e-01	3.066416e-01	-5.861238e+01	4.910190e+00	1.000000e+05	4.961095e-01	7.034827e-01	7.054049e-01
CP021827.1	.	432981	0	C	A	0.020	-1.851526e-01	4.614530e-01	-5.861782e+01	6.210922e+00	1.000000e+05	6.900631e-01	7.143358e-01	7.161637e-01
CP021827.1	.	444780	0	C	A	0.041	-1.559756e-01	3.140172e-01	-5.859166e+01	6.051978e+00	1.000000e+05	6.217088e-01	6.660070e-01	6.682765e-01
CP021827.1	.	452198	1	AG	A	0.125	-1.874666e-01	1.864435e-01	-5.813864e+01	6.342630e+00	1.000000e+05	3.198110e-01	2.959503e-01	3.039552e-01
CP021827.1	.	471937	1	C	CT	0.271	-9.711950e-02	1.616892e-01	-5.867793e+01	4.380729e+00	1.000000e+05	5.509552e-01	9.065631e-01	9.070698e-01
CP021827.1	.	551651	0	T	G	0.020	1.825178e-01	3.783582e-01	-5.838075e+01	7.304837e+00	1.000000e+05	6.317651e-01	4.354902e-01	4.408079e-01
CP021827.1	.	554119	0	GA	G	0.429	2.690699e-01	1.294592e-01	-5.670582e+01	4.455840e+00	1.000000e+05	4.315638e-02	4.664928e-02	5.715974e-02
CP021827.1	.	556422	0	T	TC	0.143	-8.616998e-02	1.971681e-01	-5.862072e+01	6.578759e+00	1.000000e+05	6.640851e-01	7.203053e-01	7.220825e-01
CP021827.1	.	586523	0	G	C	0.449	2.163388e-01	1.421457e-01	-5.741662e+01	8.210856e+00	1.000000e+05	1.347216e-01	1.112481e-01	1.226082e-01
CP021827.1	.	586570	0	A	T	0.449	1.914248e-01	1.517910e-01	-5.769388e+01	2.020736e+01	1.000000e+05	2.134940e-01	1.591938e-01	1.699719e-01
CP021827.1	.	586637	0	A	G	0.327	3.656674e-01	1.512188e-01	-5.566436e+01	3.616590e+01	1.000000e+05	1.952922e-02	1.397798e-02	2.121619e-02
CP021827.1	.	586673	0	G	A	0.265	4.573069e-01	1.643402e-01	-5.477900e+01	1.287952e+01	1.000000e+05	7.738583e-03	5.191078e-03	9.933082e-03
CP021827.1	.	586713	0	C	CCAGATCGCAGTGCCGA	0.061	1.303906e-01	3.046477e-01	-5.862224e+01	6.591435e+00	1.000000e+05	6.706027e-01	7.235221e-01	7.252722e-01
CP021827.1	.	586790	1	G	A	0.062	-4.147382e-01	2.554900e-01	-5.720117e+01	9.108001e+00	1.000000e+05	1.112134e-01	8.496377e-02	9.634261e-02
CP021827.1	.	586819	1	A	G	0.062	7.300876e-02	3.199085e-01	-5.865300e+01	7.414109e+00	1.000000e+05	8.204670e-01	8.008484e-01	8.020112e-01
CP021827.1	.	586831	0	G	A	0.041	1.545366e-01	3.582519e-01	-5.860584e+01	6.905178e+00	1.000000e+05	6.681768e-01	6.910537e-01	6.930873e-01
CP021827.1	.	595041	0	G	A	0.020	2.655440e-01	4.017840e-01	-5.845253e+01	6.286517e+00	1.000000e+05	5.118954e-01	4.954905e-01	4.998467e-01
CP021827.1	.	595043	0	A	C	0.020	-3.375102e-01	4.243940e-01	-5.832285e+01	6.891575e+00	1.000000e+05	4.304513e-01	3.948594e-01	4.008987e-01
CP021827.1	.	596030	1	G	GGT	0.021	4.667325e-01	4.365296e-01	-5.847410e+01	3.677491e+00	1.000000e+05	2.904452e-01	5.162217e-01	5.202747e-01
CP021827.1	.	596707	0	C	CGCGT	0.367	-2.027621e-01	1.748899e-01	-5.785431e+01	1.150635e+01	1.000000e+05	2.521616e-01	1.974677e-01	2.075413e-01
CP021827.1	.	606298	1	T	G	0.021	-2.990666e-01	4.631801e-01	-5.847644e+01	7.096583e+00	1.000000e+05	5.216260e-01	5.185651e-01	5.225846e-01
CP021827.1	.	639984	3	TTGC	T	0.109	2.066730e-01	2.418730e-01	-5.843607e+01	5.656031e+00	1.000000e+05	3.971796e-01	4.806081e-01	4.851911e-01
CP021827.1	.	640681	1	G	C	0.375	1.745412e-01	1.416971e-01	-5.793242e+01	6.716102e+00	1.000000e+05	2.241547e-01	2.199366e-01	2.295523e-01
CP021827.1	.	661801	4	G	C	0.378	1.542761e-01	1.412371e-01	-5.812847e+01	6.470845e+00	1.000000e+05	2.802600e-01	2.914962e-01	2.995949e-01
CP021827.1	.	661862	0	C	G	0.367	5.051618e-02	1.391282e-01	-5.858604e+01	7.320438e+00	1.000000e+05	7.181650e-01	6.567070e-01	6.590682e-01
CP021827.1	.	661985	1	A	G	0.188	-8.457651e-02	1.613440e-01	-5.841235e+01	8.320911e+00	1.000000e+05	6.026031e-01	4.603968e-01	4.653003e-01
CP021827.1	.	662382	3	A	G	0.413	-9.281055e-02	1.411632e-01	-5.855363e+01	5.798533e+00	1.000000e+05	5.140861e-01	6.084903e-01	6.113647e-01
CP021827.1	.	662502	0	C	A	0.163	2.180631e-01	1.788440e-01	-5.781906e+01	1.099337e+01	1.000000e+05	2.288173e-01	1.882190e-01	1.984737e-01
CP021827.1	.	662628	0	C	T	0.082	4.574374e-01	2.508406e-01	-5.764121e+01	3.816324e+00	1.000000e+05	7.457232e-02	1.485359e-01	1.594820e-01
CP021827.1	.	663480	0	T	G	0.041	2.982752e-01	3.215289e-01	-5.818401e+01	7.328982e+00	1.000000e+05	3.583144e-01	3.169209e-01	3.244887e-01
CP021827.1	.	663639	0	T	C	0.041	1.889971e-01	3.341081e-01	-5.861305e+01	5.896649e+00	1.000000e+05	5.743045e-01	7.047924e-01	7.067031e-01
CP021827.1	.	702429	0	AT	A	0.347	-8.687805e-02	1.724285e-01	-5.841856e+01	9.994788e+00	1.000000e+05	6.167206e-01	4.655503e-01	4.703707e-01
CP021827.1	.	703232	0	AGC	A	0.020	-6.919859e-01	4.549071e-01	-5.759918e+01	5.860860e+00	1.000000e+05	1.349199e-01	1.406092e-01	1.516687e-01
CP021827.1	.	704259	4	G	A	0.156	-1.394823e-01	1.865852e-01	-5.833471e+01	7.983144e+00	1.000000e+05	4.584539e-01	4.027143e-01	4.086097e-01
CP021827.1	.	704277	0	G	A	0.082	-4.751746e-01	2.227640e-01	-5.647683e+01	6.759893e+00	1.000000e+05	3.816920e-02	3.560404e-02	4.546541e-02
CP021827.1	.	704633	0	C	G	0.204	-9.532380e-02	1.914271e-01	-5.841155e+01	9.868068e+00	1.000000e+05	6.208315e-01	4.597380e-01	4.646521e-01
CP021827.1	.	705509	1	C	T	0.229	1.645744e-01	1.674777e-01	-5.836517e+01	5.424049e+00	1.000000e+05	3.308042e-01	4.239694e-01	4.294861e-01
CP021827.1	.	707585	0	C	A	0.265	9.542544e-03	1.639052e-01	-5.868415e+01	6.895751e+00	1.000000e+05	9.538203e-01	9.708398e-01	9.709948e-01
CP021827.1	.	707754	1	G	A	0.167	-1.534488e-01	1.698054e-01	-5.804490e+01	1.227448e+01	1.000000e+05	3.707766e-01	2.579311e-01	2.667432e-01
CP021827.1	.	707844	4	A	C	0.444	1.016624e-01	1.468779e-01	-5.836224e+01	7.830556e+00	1.000000e+05	4.922447e-01	4.218479e-01	4.274017e-01
CP021827.1	.	708071	2	T	C	0.149	-1.234785e-01	1.745661e-01	-5.830377e+01	8.028076e+00	1.000000e+05	4.828446e-01	3.826751e-01	3.889414e-01
CP021827.1	.	708380	1	T	G	0.208	-2.692580e-01	1.597144e-01	-5.713981e+01	9.462244e+00	1.000000e+05	9.844922e-02	7.877403e-02	9.010422e-02
CP021827.1	.	708434	1	G	A	0.479	1.368754e-01	1.510939e-01	-5.847360e+01	5.382598e+00	1.000000e+05	3.696118e-01	5.157271e-01	5.197871e-01
CP021827.1	.	708442	1	G	A	0.479	2.081166e-01	1.467208e-01	-5.773750e+01	6.153304e+00	1.000000e+05	1.626557e-01	1.686814e-01	1.792976e-01
CP021827.1	.	708476	1	T	C	0.333	-2.442568e-01	1.465651e-01	-5.757538e+01	5.027922e+00	1.000000e+05	1.022573e-01	1.363320e-01	1.474479e-01
CP021827.1	.	708524	3	T	A	0.109	-1.424735e-01	2.412635e-01	-5.867013e+01	5.180119e+00	1.000000e+05	5.576638e-01	8.639430e-01	8.646987e-01
CP021827.1	.	735678	0	T	A	0.020	2.605913e-01	3.978528e-01	-5.836304e+01	7.497124e+00	1.000000e+05	5.156645e-01	4.224308e-01	4.279744e-01
CP021827.1	.	735689	1	G	C	0.021	-1.501258e-01	3.744808e-01	-5.841435e+01	6.607119e+00	1.000000e+05	6.903175e-01	4.620458e-01	4.669226e-01
CP021827.1	.	770043	1	A	G	0.042	1.651822e-01	3.942299e-01	-5.860804e+01	6.857171e+00	1.000000e+05	6.771252e-01	6.951709e-01	6.971671e-01
CP021827.1	.	770137	3	C	T	0.413	-1.495836e-02	1.511073e-01	-5.867797e+01	6.973386e+00	1.000000e+05	9.215659e-01	9.068197e-01	9.073249e-01
CP021827.1	.	773282	1	T	C	0.250	5.168340e-02	1.589743e-01	-5.867227e+01	6.392965e+00	1.000000e+05	7.465441e-01	8.741342e-01	8.748287e-01
CP021827.1	.	773324	2	C	T	0.191	1.286600e-02	1.856144e-01	-5.867538e+01	6.860485e+00	1.000000e+05	9.450323e-01	8.907594e-01	8.913565e-01
CP021827.1	.	773342	0	G	A	0.143	1.578262e-01	2.095109e-01	-5.849547e+01	5.943936e+00	1.000000e+05	4.550220e-01	5.383006e-01	5.420465e-01
CP021827.1	.	774022	0	A	T	0.061	-4.609360e-02	2.659504e-01	-5.866801e+01	5.913433e+00	1.000000e+05	8.631469e-01	8.545268e-01	8.553400e-01
CP021827.1	.	777791	0	T	G	0.061	-1.228920e-01	3.437766e-01	-5.860779e+01	8.211092e+00	1.000000e+05	7.223356e-01	6.946863e-01	6.966870e-01
CP021827.1	.	778433	0	T	TC	0.061	5.348905e-02	2.997373e-01	-5.868178e+01	6.798606e+00	1.000000e+05	8.591341e-01	9.378715e-01	9.382043e-01
CP021827.1	.	778438	1	C	T	0.083	1.000515e-01	2.857469e-01	-5.866759e+01	6.448543e+00	1.000000e+05	7.277977e-01	8.527570e-01	8.535811e-01
CP021827.1	.	778447	3	C	G	0.239	3.616660e-02	1.735003e-01	-5.868341e+01	6.615048e+00	1.000000e+05	8.357763e-01	9.577563e-01	9.579814e-01
CP021827.1	.	778456	3	A	G	0.391	2.006226e-01	1.705707e-01	-5.819234e+01	5.783782e+00	1.000000e+05	2.454444e-01	3.209768e-01	3.284610e-01
CP021827.1	.	778462	1	G	A	0.458	2.163776e-01	1.650293e-01	-5.791441e+01	6.463722e+00	1.000000e+05	1.961780e-01	2.144983e-01	2.242267e-01
CP021827.1	.	778468	2	T	C	0.447	-2.588207e-01	1.498816e-01	-5.730883e+01	5.819601e+00	1.000000e+05	9.076540e-02	9.713410e-02	1.085435e-01
CP021827.1	.	778492	0	G	A	0.184	-3.590910e-02	1.738913e-01	-5.868400e+01	6.165687e+00	1.000000e+05	8.372899e-01	9.678356e-01	9.680067e-01
CP021827.1	.	778502	4	A	G	0.200	-3.278354e-01	1.786707e-01	-5.774798e+01	2.809003e+00	1.000000e+05	7.286007e-02	1.710541e-01	1.816283e-01
CP021827.1	.	778510	4	G	C	0.289	-3.443622e-01	1.580364e-01	-5.636937e+01	6.429294e+00	1.000000e+05	3.437852e-02	3.140132e-02	4.093054e-02
CP021827.1	.	793546	0	G	A	0.082	3.993361e-01	2.538529e-01	-5.799023e+01	3.999362e+00	1.000000e+05	1.224040e-01	2.385444e-01	2.477690e-01
CP021827.1	.	793560	0	C	G	0.163	2.074072e-01	2.067144e-01	-5.819234e+01	7.255226e+00	1.000000e+05	3.208292e-01	3.209816e-01	3.284658e-01
CP021827.1	.	793567	1	G	C	0.167	2.345430e-01	2.156613e-01	-5.821764e+01	6.064830e+00	1.000000e+05	2.823385e-01	3.337349e-01	3.409588e-01
CP021827.1	.	793579	2	A	G	0.149	2.157634e-01	2.384304e-01	-5.840160e+01	6.162488e+00	1.000000e+05	3.701167e-01	4.516840e-01	4.567299e-01
CP021827.1	.	793591	3	C	G	0.152	1.428268e-01	2.209596e-01	-5.834136e+01	9.228788e+00	1.000000e+05	5.211688e-01	4.072198e-01	4.130337e-01
CP021827.1	.	809071	0	C	T	0.020	-3.803008e-01	3.835066e-01	-5.824588e+01	5.174818e+00	1.000000e+05	3.264508e-01	3.487830e-01	3.557052e-01
CP021827.1	.	958334	0	C	A	0.020	5.854389e-01	4.302041e-01	-5.779064e+01	5.961640e+00	1.000000e+05	1.800544e-01	1.811271e-01	1.915168e-01
CP021827.1	.	958352	2	G	GC	0.170	-1.974713e-01	1.778669e-01	-5.818771e+01	5.283965e+00	1.000000e+05	2.725523e-01	3.187171e-01	3.262478e-01
CP021827.1	.	962653	1	T	C	0.042	1.565290e-01	3.440193e-01	-5.849167e+01	7.856672e+00	1.000000e+05	6.512035e-01	5.342566e-01	5.380576e-01
CP021827.1	.	962660	0	T	C	0.041	3.386560e-01	3.405482e-01	-5.814630e+01	6.981868e+00	1.000000e+05	3.250993e-01	2.993623e-01	3.072955e-01
CP021827.1	.	962668	0	A	C	0.122	5.122323e-01	2.144090e-01	-5.569662e+01	1.994954e+01	1.000000e+05	2.095839e-02	1.449868e-02	2.183961e-02
CP021827.1	.	962673	0	T	C	0.143	2.350146e-01	2.005014e-01	-5.788951e+01	8.357900e+00	1.000000e+05	2.470503e-01	2.072383e-01	2.171154e-01
CP021827.1	.	962686	0	C	A	0.388	-4.902538e-03	1.494626e-01	-5.868477e+01	7.226163e+00	1.000000e+05	9.739721e-01	9.923183e-01	9.923591e-01
CP021827.1	.	1009532	0	AT	A	0.102	9.077760e-02	2.252039e-01	-5.867984e+01	5.488446e+00	1.000000e+05	6.887093e-01	9.205555e-01	9.209837e-01
CP021827.1	.	1009548	0	G	A	0.041	5.820092e-01	3.379285e-01	-5.765920e+01	3.650678e+00	1.000000e+05	9.159343e-02	1.520829e-01	1.629749e-01
CP021827.1	.	1009563	0	T	C	0.061	-2.451480e-01	2.816631e-01	-5.825056e+01	8.075766e+00	1.000000e+05	3.885280e-01	3.513656e-01	3.582367e-01
CP021827.1	.	1009630	0	T	G	0.061	-4.395975e-02	2.507855e-01	-5.861489e+01	6.737750e+00	1.000000e+05	8.616061e-01	7.084370e-01	7.103158e-01
CP021827.1	.	1010097	2	T	C	0.489	-9.875717e-02	1.436810e-01	-5.842729e+01	7.373451e+00	1.000000e+05	4.952488e-01	4.729595e-01	4.776621e-01
CP021827.1	.	1010789	3	T	C	0.326	5.271316e-02	1.554216e-01	-5.867238e+01	6.557264e+00	1.000000e+05	7.359982e-01	8.746736e-01	8.753650e-01
CP021827.1	.	1010932	2	C	T	0.383	-1.236934e-01	1.446114e-01	-5.831278e+01	7.479373e+00	1.000000e+05	3.966971e-01	3.883574e-01	3.945173e-01
CP021827.1	.	1011310	1	C	T	0.188	2.319147e-01	1.708492e-01	-5.765289e+01	8.961522e+00	1.000000e+05	1.811293e-01	1.508282e-01	1.617396e-01
CP021827.1	.	1011356	0	A	G	0.184	3.018944e-01	1.778853e-01	-5.742242e+01	5.317789e+00	1.000000e+05	9.628575e-02	1.120688e-01	1.234238e-01
CP021827.1	.	1013618	0	C	G	0.367	-7.312887e-02	1.503465e-01	-5.862476e+01	6.622691e+00	1.000000e+05	6.289425e-01	7.289054e-01	7.306108e-01
CP021827.1	.	1014176	0	G	A	0.102	1.974915e-02	2.140991e-01	-5.867254e+01	6.613909e+00	1.000000e+05	9.268970e-01	8.754966e-01	8.761831e-01
CP021827.1	.	1014317	1	T	C	0.438	2.070641e-02	1.405505e-01	-5.867252e+01	6.446275e+00	1.000000e+05	8.835068e-01	8.753757e-01	8.760629e-01
CP021827.1	.	1014371	0	T	C	0.367	1.785245e-01	1.443791e-01	-5.807955e+01	5.794978e+00	1.000000e+05	2.224168e-01	2.712262e-01	2.797549e-01
CP021827.1	.	1014386	2	C	A	0.255	1.174055e-01	1.680059e-01	-5.843093e+01	7.749380e+00	1.000000e+05	4.881096e-01	4.761015e-01	4.807547e-01
CP021827.1	.	1014455	2	T	C	0.362	-8.643329e-02	1.466758e-01	-5.841862e+01	7.806653e+00	1.000000e+05	5.584946e-01	4.656046e-01	4.704242e-01
CP021827.1	.	1014461	0	A	G	0.286	4.561286e-02	1.536120e-01	-5.857339e+01	8.122836e+00	1.000000e+05	7.678242e-01	6.368810e-01	6.394454e-01
CP021827.1	.	1084966	2	G	A	0.383	-1.154268e-01	1.381121e-01	-5.819157e+01	9.479492e+00	1.000000e+05	4.075262e-01	3.206008e-01	3.280927e-01
CP021827.1	.	1133218	2	G	T	0.021	-8.714230e-03	3.900529e-01	-5.868377e+01	5.752390e+00	1.000000e+05	9.822704e-01	9.635227e-01	9.637169e-01
CP021827.1	.	1173412	0	C	CGT	0.041	4.226321e-01	3.647946e-01	-5.829918e+01	4.797633e+00	1.000000e+05	2.524934e-01	3.798264e-01	3.861466e-01
CP021827.1	.	1173420	1	C	G	0.062	3.694590e-01	2.886234e-01	-5.821289e+01	4.273161e+00	1.000000e+05	2.068017e-01	3.312883e-01	3.385618e-01
CP021827.1	.	1173432	2	G	A	0.064	3.826871e-01	3.096985e-01	-5.832523e+01	3.982927e+00	1.000000e+05	2.227196e-01	3.964162e-01	4.024268e-01
CP021827.1	.	1173452	3	G	C	0.109	2.728996e-01	2.436455e-01	-5.832839e+01	4.416015e+00	1.000000e+05	2.683759e-01	3.984969e-01	4.044693e-01
CP021827.1	.	1189635	4	C	G	0.467	1.330667e-01	1.385526e-01	-5.837691e+01	5.313886e+00	1.000000e+05	3.417659e-01	4.326100e-01	4.379770e-01
CP021827.1	.	1199494	0	A	C	0.122	-7.243742e-02	2.116098e-01	-5.854887e+01	8.263490e+00	1.000000e+05	7.336392e-01	6.020629e-01	6.050108e-01
CP021827.1	.	1199501	0	T	C	0.102	1.465127e-01	2.337719e-01	-5.858970e+01	5.615713e+00	1.000000e+05	5.338666e-01	6.627215e-01	6.650231e-01
CP021827.1	.	1199524	0	T	G	0.082	-1.641281e-01	2.463999e-01	-5.833059e+01	9.371777e+00	1.000000e+05	5.086007e-01	3.999550e-01	4.059007e-01
CP021827.1	.	1199746	0	GAA	G	0.163	4.359906e-02	1.984645e-01	-5.866901e+01	6.875642e+00	1.000000e+05	8.270703e-01	8.588980e-01	8.596844e-01
CP021827.1	.	1200993	0	A	C	0.204	6.985603e-02	1.871097e-01	-5.861500e+01	7.102437e+00	1.000000e+05	7.105722e-01	7.086433e-01	7.105203e-01
CP021827.1	.	1201056	0	G	T	0.224	-9.599776e-02	1.824031e-01	-5.851187e+01	7.828568e+00	1.000000e+05	6.011585e-01	5.564489e-01	5.599545e-01
CP021827.1	.	1201085	1	A	G	0.104	1.550408e-01	2.443009e-01	-5.830771e+01	8.775080e+00	1.000000e+05	5.287467e-01	3.851463e-01	3.913662e-01
CP021827.1	.	1201804	0	C	G	0.041	-3.161044e-02	3.373078e-01	-5.868410e+01	6.839650e+00	1.000000e+05	9.257348e-01	9.698300e-01	9.699904e-01
CP021827.1	.	1202172	1	A	G	0.500	-1.184446e-01	1.441977e-01	-5.845365e+01	5.693658e+00	1.000000e+05	4.155634e-01	4.965397e-01	5.008803e-01
CP021827.1	.	1202352	3	A	G	0.391	1.204482e-02	1.481656e-01	-5.866672e+01	7.319369e+00	1.000000e+05	9.355542e-01	8.491220e-01	8.499687e-01
CP021827.1	.	1202379	4	G	A	0.200	2.289406e-01	1.744939e-01	-5.760392e+01	1.517202e+01	1.000000e+05	1.958835e-01	1.414790e-01	1.525266e-01
CP021827.1	.	1202439	1	A	G	0.354	1.813699e-01	1.457273e-01	-5.774157e+01	3.954194e+01	1.000000e+05	2.194553e-01	1.695981e-01	1.801981e-01
CP021827.1	.	1202965	2	T	C	0.277	-4.747015e-02	1.628166e-01	-5.850881e+01	8.822568e+00	1.000000e+05	7.719091e-01	5.529744e-01	5.565252e-01
CP021827.1	.	1236030	1	C	A	0.396	-1.494465e-02	1.407624e-01	-5.867855e+01	6.892975e+00	1.000000e+05	9.158998e-01	9.108801e-01	9.113624e-01
CP021827.1	.	1236099	1	C	G	0.375	-1.183974e-01	1.409070e-01	-5.841453e+01	5.360626e+00	1.000000e+05	4.050212e-01	4.621954e-01	4.670697e-01
CP021827.1	.	1236257	2	C	T	0.170	4.041474e-01	1.779204e-01	-5.597921e+01	1.075839e+01	1.000000e+05	2.773715e-02	2.000776e-02	2.826763e-02
CP021827.1	.	1236319	1	C	G	0.083	1.741932e-01	2.404500e-01	-5.861246e+01	4.882425e+00	1.000000e+05	4.723827e-01	7.036364e-01	7.055573e-01
CP021827.1	.	1236609	3	C	G	0.109	8.065852e-02	2.149069e-01	-5.861253e+01	6.299638e+00	1.000000e+05	7.091122e-01	7.037754e-01	7.056950e-01
CP021827.1	.	1236666	0	C	G	0.061	1.882009e-01	3.302961e-01	-5.857161e+01	6.311436e+00	1.000000e+05	5.715309e-01	6.342018e-01	6.367945e-01
CP021827.1	.	1236699	0	G	A	0.143	-1.221947e-01	2.014676e-01	-5.839825e+01	8.971727e+00	1.000000e+05	5.470863e-01	4.490177e-01	4.541078e-01
CP021827.1	.	1236845	4	G	A	0.444	-3.368798e-02	1.393652e-01	-5.865026e+01	7.062550e+00	1.000000e+05	8.100453e-01	7.926209e-01	7.938410e-01
CP021827.1	.	1236872	1	G	C	0.375	1.277008e-01	1.488833e-01	-5.837440e+01	6.480468e+00	1.000000e+05	3.953976e-01	4.307388e-01	4.361380e-01
CP021827.1	.	1237036	3	G	C	0.326	-8.979882e-02	1.449175e-01	-5.854008e+01	6.272600e+00	1.000000e+05	5.384778e-01	5.905624e-01	5.936448e-01
CP021827.1	.	1237194	1	C	A	0.375	-1.094549e-03	1.439558e-01	-5.868472e+01	6.989627e+00	1.000000e+05	9.939656e-01	9.888178e-01	9.888772e-01
CP021827.1	.	1237501	1	T	G	0.104	1.560363e-01	2.140119e-01	-5.816591e+01	1.621957e+01	1.000000e+05	4.695577e-01	3.083288e-01	3.160746e-01
CP021827.1	.	1238223	0	A	G	0.061	-2.107010e-02	3.119698e-01	-5.868480e+01	7.202004e+00	1.000000e+05	9.464392e-01	9.951027e-01	9.951287e-01
CP021827.1	.	1238263	1	C	A	0.042	-6.080236e-02	3.778847e-01	-5.868230e+01	7.128457e+00	1.000000e+05	8.728603e-01	9.434958e-01	9.437980e-01
CP021827.1	.	1238283	2	G	C	0.085	-1.577883e-01	2.862891e-01	-5.852362e+01	7.754754e+00	1.000000e+05	5.841414e-01	5.701701e-01	5.735011e-01
CP021827.1	.	1238301	3	A	G	0.109	2.671397e-01	2.373121e-01	-5.790774e+01	1.040486e+01	1.000000e+05	2.660124e-01	2.125230e-01	2.222921e-01
CP021827.1	.	1238313	0	T	G	0.204	-6.127886e-02	2.004229e-01	-5.865531e+01	7.272036e+00	1.000000e+05	7.611468e-01	8.080705e-01	8.091838e-01
CP021827.1	.	1238319	1	T	C	0.250	-1.963375e-02	1.855726e-01	-5.867719e+01	7.650010e+00	1.000000e+05	9.161906e-01	9.017395e-01	9.022735e-01
CP021827.1	.	1238322	0	C	A	0.204	-1.031547e-01	1.865901e-01	-5.859611e+01	6.445306e+00	1.000000e+05	5.829922e-01	6.736054e-01	6.758017e-01
CP021827.1	.	1238349	0	G	C	0.367	4.433096e-02	1.508713e-01	-5.860729e+01	7.638138e+00	1.000000e+05	7.701793e-01	6.937460e-01	6.957551e-01
CP021827.1	.	1238355	3	G	C	0.283	-7.896045e-02	1.656425e-01	-5.857977e+01	7.176204e+00	1.000000e+05	6.357904e-01	6.466961e-01	6.491586e-01
CP021827.1	.	1238379	0	T	C	0.082	-1.632962e-01	2.802577e-01	-5.852737e+01	7.307702e+00	1.000000e+05	5.629043e-01	5.746884e-01	5.779632e-01
CP021827.1	.	1238395	3	G	C	0.065	6.852241e-02	3.061245e-01	-5.867834e+01	6.833314e+00	1.000000e+05	8.238533e-01	9.093779e-01	9.098687e-01
CP021827.1	.	1238403	3	G	C	0.174	5.442554e-02	2.094746e-01	-5.867096e+01	7.145717e+00	1.000000e+05	7.961379e-01	8.677936e-01	8.685261e-01
CP021827.1	.	1238424	1	C	T	0.146	4.909235e-02	2.186463e-01	-5.867677e+01	7.209846e+00	1.000000e+05	8.233193e-01	8.990426e-01	8.995920e-01
CP021827.1	.	1238425	2	A	C	0.128	1.877981e-02	2.226093e-01	-5.868152e+01	7.259691e+00	1.000000e+05	9.331268e-01	9.352536e-01	9.356007e-01
CP021827.1	.	1238532	1	C	A	0.438	2.106623e-01	1.399497e-01	-5.755928e+01	7.765304e+00	1.000000e+05	1.389458e-01	1.335221e-01	1.446730e-01
CP021827.1	.	1238748	3	C	A	0.065	1.990072e-01	2.608596e-01	-5.830407e+01	7.508018e+00	1.000000e+05	4.493411e-01	3.828637e-01	3.891265e-01
CP021827.1	.	1238771	0	CGG	C	0.306	-2.254167e-01	1.505874e-01	-5.752731e+01	7.963156e+00	1.000000e+05	1.411010e-01	1.281300e-01	1.393434e-01
CP021827.1	.	1238774	2	CAG	C	0.447	7.420450e-02	1.396487e-01	-5.856555e+01	6.637216e+00	1.000000e+05	5.976680e-01	6.252703e-01	6.279587e-01
CP021827.1	.	1238784	2	T	C	0.213	-1.516489e-01	1.778809e-01	-5.814777e+01	1.089317e+01	1.000000e+05	3.982433e-01	3.000236e-01	3.079430e-01
CP021827.1	.	1238814	4	G	T	0.133	-1.816490e-01	2.065168e-01	-5.816092e+01	9.199736e+00	1.000000e+05	3.835595e-01	3.060169e-01	3.138109e-01
CP021827.1	.	1251680	0	A	G	0.122	3.964184e-01	1.961260e-01	-5.670944e+01	5.483657e+00	1.000000e+05	4.897049e-02	4.685055e-02	5.737042e-02
CP021827.1	.	1251716	0	A	G	0.102	-8.871700e-02	2.345994e-01	-5.853099e+01	8.094391e+00	1.000000e+05	7.070116e-01	5.791219e-01	5.823422e-01
CP021827.1	.	1251722	0	A	G	0.163	-2.140903e-01	1.895704e-01	-5.795652e+01	7.988462e+00	1.000000e+05	2.644838e-01	2.274726e-01	2.369309e-01
CP021827.1	.	1251737	1	A	G	0.083	-1.955878e-01	2.579219e-01	-5.826853e+01	9.177537e+00	1.000000e+05	4.520443e-01	3.615275e-01	3.681990e-01
CP021827.1	.	1251743	1	G	A	0.062	-1.810778e-01	2.918789e-01	-5.837021e+01	9.361788e+00	1.000000e+05	5.379999e-01	4.276465e-01	4.330992e-01
CP021827.1	.	1251808	2	C	T	0.447	-6.726489e-02	1.370903e-01	-5.859936e+01	6.303121e+00	1.000000e+05	6.259492e-01	6.793109e-01	6.814531e-01
CP021827.1	.	1251859	2	G	C	0.128	1.647395e-01	2.173944e-01	-5.846294e+01	6.155770e+00	1.000000e+05	4.523592e-01	5.053200e-01	5.095306e-01
CP021827.1	.	1272656	0	A	C	0.082	4.001858e-02	2.710780e-01	-5.867060e+01	6.715695e+00	1.000000e+05	8.832682e-01	8.661057e-01	8.668483e-01
CP021828.1	.	162459	4	AAAGT	A	0.289	-1.649449e-01	1.904285e-01	-5.810822e+01	2.145606e+01	1.000000e+05	3.907930e-01	2.828821e-01	2.911630e-01
CP021828.1	.	164965	0	C	CCG	0.306	8.436222e-02	1.570927e-01	-5.866755e+01	5.496439e+00	1.000000e+05	5.937858e-01	8.525910e-01	8.534161e-01
CP021828.1	.	168101	0	G	GT	0.020	1.211570e+00	3.929384e-01	-5.399908e+01	1.361558e+01	1.000000e+05	3.421080e-03	2.203884e-03	5.351901e-03
CP021828.1	.	189160	2	A	G	0.021	-1.603719e-01	4.949852e-01	-5.862876e+01	7.265355e+00	1.000000e+05	7.473805e-01	7.377555e-01	7.393887e-01
CP021828.1	.	195354	0	G	GCA	0.041	-5.344538e-02	3.796183e-01	-5.861325e+01	7.998521e+00	1.000000e+05	8.886398e-01	7.051902e-01	7.070974e-01
CP021828.1	.	195381	0	A	G	0.020	6.042164e-01	4.776807e-01	-5.806042e+01	5.296658e+00	1.000000e+05	2.121445e-01	2.637837e-01	2.724710e-01
CP021828.1	.	220772	1	C	CTT	0.062	5.652200e-01	2.784914e-01	-5.644750e+01	1.173019e+01	1.000000e+05	4.808277e-02	3.440144e-02	4.417347e-02
CP021828.1	.	225129	0	T	C	0.020	1.909254e-01	5.363114e-01	-5.865496e+01	6.776048e+00	1.000000e+05	7.234357e-01	8.069360e-01	8.080571e-01
CP021828.1	.	225887	0	A	T	0.020	7.610336e-02	3.897553e-01	-5.865184e+01	5.904439e+00	1.000000e+05	8.460316e-01	7.973319e-01	7.985190e-01
CP021828.1	.	225895	3	C	A	0.022	-5.503004e-01	3.592287e-01	-5.758423e+01	5.096613e+00	1.000000e+05	1.322525e-01	1.379066e-01	1.490022e-01
CP021828.1	.	225933	0	G	GGC	0.082	1.777677e-01	2.637677e-01	-5.839381e+01	7.681058e+00	1.000000e+05	5.036408e-01	4.455260e-01	4.506742e-01
CP021828.1	.	227899	0	A	C	0.020	7.298712e-01	3.977592e-01	-5.677194e+01	2.506537e+01	1.000000e+05	7.284506e-02	5.047039e-02	6.114735e-02
CP021828.1	.	227901	0	G	T	0.041	3.797175e-01	2.860714e-01	-5.753316e+01	1.778550e+01	1.000000e+05	1.908040e-01	1.290987e-01	1.403014e-01
CP021828.1	.	245493	0	GGC	G	0.041	1.084872e-01	3.123075e-01	-5.862712e+01	6.552539e+00	1.000000e+05	7.298618e-01	7.340832e-01	7.357462e-01
CP021828.1	.	245841	1	GT	G	0.375	1.832896e-02	1.555051e-01	-5.865615e+01	7.456989e+00	1.000000e+05	9.066751e-01	8.107760e-01	8.118710e-01
CP021828.1	.	247174	1	T	C	0.104	4.143999e-02	1.976444e-01	-5.863566e+01	6.393675e+00	1.000000e+05	8.348319e-01	7.538615e-01	7.553676e-01
CP021828.1	.	247211	0	T	G	0.367	2.621778e-02	1.499278e-01	-5.868481e+01	6.896290e+00	1.000000e+05	8.619334e-01	9.969758e-01	9.969918e-01
CP021828.1	.	247240	0	C	CT	0.449	-1.894438e-02	1.584680e-01	-5.866215e+01	7.926549e+00	1.000000e+05	9.053515e-01	8.313849e-01	8.323440e-01
CP021828.1	.	247256	0	T	C	0.429	9.760877e-02	1.555613e-01	-5.849763e+01	7.385558e+00	1.000000e+05	5.333933e-01	5.406260e-01	5.443405e-01
CP021828.1	.	247264	0	G	T	0.020	2.012776e-01	4.620474e-01	-5.862049e+01	6.308643e+00	1.000000e+05	6.651058e-01	7.198327e-01	7.216138e-01
CP021828.1	.	247278	0	A	C	0.020	-3.961040e-01	4.389005e-01	-5.810042e+01	9.791915e+00	1.000000e+05	3.713979e-01	2.796483e-01	2.879978e-01
CP021828.1	.	249146	0	ATT	A	0.347	-3.300035e-02	1.446202e-01	-5.868428e+01	6.574146e+00	1.000000e+05	8.204913e-01	9.737923e-01	9.739316e-01
CP021828.1	.	256680	3	CG	C	0.283	-9.467107e-02	1.679183e-01	-5.855296e+01	6.878490e+00	1.000000e+05	5.755759e-01	6.075766e-01	6.104614e-01
CP021828.1	.	267152	0	CG	C	0.082	1.451755e-01	2.650773e-01	-5.856604e+01	6.414078e+00	1.000000e+05	5.865086e-01	6.259824e-01	6.286631e-01
CP021828.1	.	267473	2	C	T	0.085	1.175978e-01	2.482826e-01	-5.862638e+01	5.996294e+00	1.000000e+05	6.379459e-01	7.324574e-01	7.341337e-01
CP021828.1	.	267491	0	C	G	0.041	-5.703412e-01	2.760361e-01	-5.634044e+01	1.164730e+01	1.000000e+05	4.434705e-02	3.036065e-02	3.979841e-02
CP021828.1	.	267541	3	G	GGT	0.435	-9.617679e-02	1.543256e-01	-5.850121e+01	6.706323e+00	1.000000e+05	5.361612e-01	5.445313e-01	5.481935e-01
CP021828.1	.	267546	3	C	CG	0.413	-3.781861e-02	1.573375e-01	-5.868291e+01	6.560551e+00	1.000000e+05	8.110917e-01	9.507162e-01	9.509792e-01
CP021828.1	.	268239	0	C	CGA	0.367	4.300672e-02	1.475833e-01	-5.864764e+01	7.133125e+00	1.000000e+05	7.720228e-01	7.850989e-01	7.863724e-01
CP021828.1	.	272788	0	A	AC	0.061	6.825035e-02	2.367496e-01	-5.863299e+01	6.155492e+00	1.000000e+05	7.743994e-01	7.474937e-01	7.490494e-01
CP021828.1	.	278508	0	G	GT	0.020	-5.265227e-01	3.599160e-01	-5.736204e+01	9.996817e+00	1.000000e+05	1.501491e-01	1.038407e-01	1.152365e-01
CP021828.1	.	281319	0	C	A	0.082	2.414314e-02	2.121870e-01	-5.867441e+01	6.189134e+00	1.000000e+05	9.098949e-01	8.852999e-01	8.859287e-01
CP021828.1	.	284748	0	T	G	0.204	5.745206e-02	1.918062e-01	-5.859026e+01	7.542449e+00	1.000000e+05	7.658550e-01	6.636559e-01	6.659485e-01
CP021828.1	.	284766	1	C	A	0.292	2.346082e-02	1.721832e-01	-5.864587e+01	7.566962e+00	1.000000e+05	8.922017e-01	7.801666e-01	7.814757e-01
CP021828.1	.	284773	1	T	C	0.354	1.852733e-01	1.683344e-01	-5.803028e+01	7.679563e+00	1.000000e+05	2.766642e-01	2.525627e-01	2.614893e-01
CP021828.1	.	284794	1	A	G	0.354	1.370620e-01	1.647276e-01	-5.830625e+01	7.459359e+00	1.000000e+05	4.095874e-01	3.842265e-01	3.904637e-01
CP021828.1	.	284848	0	T	C	0.061	6.873430e-02	3.029125e-01	-5.866848e+01	6.803884e+00	1.000000e+05	8.214767e-01	8.565665e-01	8.573672e-01
CP021828.1	.	284860	0	G	A	0.020	2.517077e-01	4.679457e-01	-5.856732e+01	6.467984e+00	1.000000e+05	5.931847e-01	6.278457e-01	6.305063e-01
CP021828.1	.	285106	0	C	G	0.204	2.233914e-01	1.801755e-01	-5.799433e+01	6.640914e+00	1.000000e+05	2.211840e-01	2.399355e-01	2.491307e-01
CP021828.1	.	285187	0	G	C	0.041	5.965036e-01	3.240135e-01	-5.722922e+01	5.650038e+00	1.000000e+05	7.194095e-02	8.796656e-02	9.936037e-02
CP021828.1	.	285282	2	C	T	0.043	6.970472e-01	3.424243e-01	-5.669536e+01	5.927624e+00	1.000000e+05	4.744750e-02	4.607312e-02	5.655621e-02
CP021828.1	.	285298	2	A	G	0.064	3.998920e-01	2.872774e-01	-5.790605e+01	4.894479e+00	1.000000e+05	1.704728e-01	2.120270e-01	2.218062e-01
CP021828.1	.	285301	3	A	G	0.087	5.180692e-01	2.221606e-01	-5.601661e+01	7.108072e+00	1.000000e+05	2.403893e-02	2.088447e-02	2.926749e-02
CP021828.1	.	288053	1	GCC	G	0.167	3.182272e-01	1.931294e-01	-5.727763e+01	7.571800e+00	1.000000e+05	1.060762e-01	9.342301e-02	1.048312e-01
CP021828.1	.	288056	1	A	C	0.146	3.412231e-01	2.180944e-01	-5.754132e+01	6.119727e+00	1.000000e+05	1.243937e-01	1.304629e-01	1.416501e-01
CP021828.1	.	288081	1	CGCGAGT	C	0.062	4.447053e-01	2.940485e-01	-5.798046e+01	3.899020e+00	1.000000e+05	1.371395e-01	2.352692e-01	2.445632e-01
CP021828.1	.	291191	0	C	CG	0.449	2.236744e-01	1.649054e-01	-5.813038e+01	3.989893e+00	1.000000e+05	1.814586e-01	2.923284e-01	3.004096e-01
CP021828.1	.	292665	2	TA	T	0.447	4.638975e-02	1.529113e-01	-5.868066e+01	6.529600e+00	1.000000e+05	7.629415e-01	9.273372e-01	9.277279e-01
CP021828.1	.	296579	3	T	TC	0.065	3.653344e-01	2.542124e-01	-5.768721e+01	6.105886e+00	1.000000e+05	1.573076e-01	1.577972e-01	1.685982e-01
CP021828.1	.	297100	0	A	T	0.041	-2.963816e-01	3.079668e-01	-5.824625e+01	5.772519e+00	1.000000e+05	3.407833e-01	3.489892e-01	3.559073e-01
CP021828.1	.	297103	0	A	T	0.020	5.190151e-02	4.536205e-01	-5.867881e+01	6.750949e+00	1.000000e+05	9.093953e-01	9.127373e-01	9.132091e-01
CP021828.1	.	297736	0	A	G	0.184	2.290993e-01	1.779405e-01	-5.799970e+01	6.020045e+00	1.000000e+05	2.042223e-01	2.417735e-01	2.509297e-01
CP021828.1	.	297754	2	A	G	0.085	3.721010e-01	2.291321e-01	-5.740733e+01	6.550939e+00	1.000000e+05	1.110734e-01	1.099476e-01	1.213153e-01
CP021828.1	.	297802	1	G	A	0.021	-1.188525e-01	4.789240e-01	-5.867153e+01	6.530033e+00	1.000000e+05	8.050873e-01	8.705046e-01	8.712208e-01
CP021828.1	.	298110	0	G	C	0.224	-1.491537e-01	1.591124e-01	-5.805570e+01	1.129285e+01	1.000000e+05	3.533396e-01	2.619842e-01	2.707098e-01
CP021828.1	.	298986	0	T	C	0.020	-2.799328e-01	4.213332e-01	-5.833060e+01	8.154838e+00	1.000000e+05	5.096825e-01	3.999668e-01	4.059123e-01
CP021828.1	.	299051	2	C	T	0.043	5.620173e-01	3.399693e-01	-5.773715e+01	3.778656e+00	1.000000e+05	1.049674e-01	1.686027e-01	1.792203e-01
CP021828.1	.	300818	2	A	G	0.340	-2.331959e-02	1.434722e-01	-5.867730e+01	6.389614e+00	1.000000e+05	8.715795e-01	9.023998e-01	9.029301e-01
CP021828.1	.	301039	4	A	C	0.044	-7.214348e-01	3.334837e-01	-5.695092e+01	3.824054e+00	1.000000e+05	3.563360e-02	6.257469e-02	7.363640e-02
CP021828.1	.	301132	0	T	C	0.449	2.910741e-02	1.399052e-01	-5.861858e+01	7.418722e+00	1.000000e+05	8.360881e-01	7.158783e-01	7.176930e-01
CP021828.1	.	301231	0	G	A	0.184	-1.446648e-01	1.797575e-01	-5.841858e+01	6.574804e+00	1.000000e+05	4.250002e-01	4.655671e-01	4.703873e-01
CP021828.1	.	301273	3	C	T	0.087	2.231772e-02	2.750910e-01	-5.867169e+01	7.137451e+00	1.000000e+05	9.356842e-01	8.712965e-01	8.720080e-01
CP021828.1	.	301297	0	A	G	0.061	-1.390333e-01	3.149394e-01	-5.856827e+01	7.560059e+00	1.000000e+05	6.609041e-01	6.292366e-01	6.318822e-01
CP021828.1	.	301548	0	C	T	0.102	-5.949453e-03	2.190561e-01	-5.868417e+01	6.627649e+00	1.000000e+05	9.784475e-01	9.712632e-01	9.714159e-01
CP021828.1	.	301581	0	T	C	0.102	4.996760e-01	2.218101e-01	-5.628000e+01	5.840538e+00	1.000000e+05	2.898546e-02	2.830108e-02	3.754559e-02
CP021828.1	.	302464	0	G	T	0.061	-3.809117e-01	2.337952e-01	-5.722566e+01	7.483794e+00	1.000000e+05	1.099445e-01	8.757912e-02	9.897129e-02
CP021828.1	.	360934	0	T	C	0.020	-2.834764e-01	5.452784e-01	-5.858844e+01	7.035443e+00	1.000000e+05	6.055911e-01	6.606407e-01	6.629628e-01
CP021828.1	.	364930	2	A	G	0.043	-4.260071e-01	3.195347e-01	-5.822768e+01	3.584076e+00	1.000000e+05	1.888891e-01	3.389829e-01	3.461009e-01
CP021828.1	.	364939	1	G	A	0.083	-4.384214e-01	2.149455e-01	-5.677158e+01	5.152708e+00	1.000000e+05	4.702474e-02	5.044895e-02	6.112505e-02
CP021828.1	.	365005	0	G	A	0.020	-2.207647e-01	4.188656e-01	-5.859480e+01	5.479198e+00	1.000000e+05	6.006354e-01	6.713411e-01	6.735591e-01
CP021828.1	.	365016	1	C	G	0.042	-1.272963e-02	2.956425e-01	-5.863772e+01	6.047670e+00	1.000000e+05	9.658381e-01	7.589140e-01	7.603813e-01
CP021828.1	.	365134	0	T	G	0.061	-1.229336e-01	2.603609e-01	-5.854176e+01	6.771621e+00	1.000000e+05	6.389930e-01	5.927288e-01	5.957856e-01
CP021828.1	.	365146	1	G	A	0.104	3.261011e-01	2.210739e-01	-5.775271e+01	5.585525e+00	1.000000e+05	1.468596e-01	1.721393e-01	1.826940e-01
CP021828.1	.	365169	0	T	A	0.061	4.170865e-01	2.667321e-01	-5.725676e+01	2.771552e+01	1.000000e+05	1.245992e-01	9.102744e-02	1.024313e-01
CP021828.1	.	365170	0	T	G	0.041	7.279638e-01	3.512544e-01	-5.644760e+01	9.934148e+00	1.000000e+05	4.373166e-02	3.440558e-02	4.417793e-02
CP021828.1	.	365221	0	A	G	0.224	-2.162903e-02	1.598412e-01	-5.868368e+01	6.705280e+00	1.000000e+05	8.929401e-01	9.619791e-01	9.621815e-01
CP021828.1	.	365233	3	T	G	0.370	4.499219e-02	1.563080e-01	-5.864022e+01	7.206845e+00	1.000000e+05	7.747322e-01	7.652111e-01	7.666306e-01
CP021828.1	.	365248	2	A	G	0.191	4.220211e-01	1.743283e-01	-5.662026e+01	3.183094e+00	1.000000e+05	1.940080e-02	4.215162e-02	5.243116e-02
CP021828.1	.	365251	4	T	C	0.178	2.744306e-01	1.881323e-01	-5.811518e+01	3.638000e+00	1.000000e+05	1.512958e-01	2.858044e-01	2.940234e-01
CP021828.1	.	365254	2	A	G	0.149	4.023278e-01	2.025494e-01	-5.689790e+01	4.980772e+00	1.000000e+05	5.284647e-02	5.869640e-02	6.965550e-02
CP021828.1	.	365264	2	G	C	0.468	-6.820262e-02	1.566152e-01	-5.866177e+01	5.945524e+00	1.000000e+05	6.652083e-01	8.300092e-01	8.309771e-01
CP021828.1	.	365296	3	A	G	0.261	1.553724e-01	1.950989e-01	-5.836582e+01	7.560891e+00	1.000000e+05	4.298171e-01	4.244371e-01	4.299456e-01
CP021828.1	.	365299	1	A	G	0.354	7.537693e-02	1.632107e-01	-5.867611e+01	5.705386e+00	1.000000e+05	6.463280e-01	8.950079e-01	8.955805e-01
CP021828.1	.	365326	2	A	G	0.277	1.328148e-01	1.841302e-01	-5.843073e+01	7.009285e+00	1.000000e+05	4.742923e-01	4.759277e-01	4.805837e-01
CP021828.1	.	365329	2	G	C	0.468	6.198316e-02	1.462242e-01	-5.855032e+01	7.606025e+00	1.000000e+05	6.735789e-01	6.040066e-01	6.069322e-01
CP021828.1	.	365413	3	T	A	0.174	-4.010862e-01	1.895416e-01	-5.630229e+01	3.309740e+01	1.000000e+05	3.966294e-02	2.904315e-02	3.835924e-02
CP021828.1	.	365437	0	G	T	0.041	6.261949e-01	3.209243e-01	-5.658518e+01	1.290635e+01	1.000000e+05	5.700541e-02	4.044113e-02	5.062161e-02
CP021828.1	.	365455	2	A	G	0.213	2.416511e-01	1.881615e-01	-5.793808e+01	6.315121e+00	1.000000e+05	2.053404e-01	2.216794e-01	2.312589e-01
CP021828.1	.	365462	2	C	G	0.191	3.811896e-01	2.091068e-01	-5.692077e+01	9.289725e+00	1.000000e+05	7.467640e-02	6.033699e-02	7.134163e-02
CP021828.1	.	365470	3	T	C	0.217	2.295665e-01	1.961104e-01	-5.793024e+01	8.371769e+00	1.000000e+05	2.476617e-01	2.192685e-01	2.288982e-01
CP021828.1	.	365473	4	C	T	0.178	5.138803e-01	2.108289e-01	-5.560052e+01	1.880251e+01	1.000000e+05	1.863042e-02	1.300384e-02	2.004067e-02
CP021828.1	.	365506	1	A	G	0.188	4.159689e-01	1.830555e-01	-5.593044e+01	1.802925e+01	1.000000e+05	2.768130e-02	1.892157e-02	2.702114e-02
CP021828.1	.	365512	0	A	G	0.347	6.701627e-02	1.514216e-01	-5.867952e+01	5.486051e+00	1.000000e+05	6.600992e-01	9.179892e-01	9.184317e-01
CP021828.1	.	365529	3	A	C	0.457	1.004077e-01	1.555932e-01	-5.837939e+01	8.540497e+00	1.000000e+05	5.218568e-01	4.344684e-01	4.398036e-01
CP021828.1	.	365581	3	G	T	0.326	-3.382987e-01	1.588379e-01	-5.659830e+01	6.282881e+00	1.000000e+05	3.845082e-02	4.107220e-02	5.129001e-02
CP021828.1	.	365593	0	G	A	0.143	-2.721544e-01	1.976969e-01	-5.774840e+01	7.398704e+00	1.000000e+05	1.751513e-01	1.711504e-01	1.817229e-01
CP021828.1	.	365602	1	A	G	0.146	-3.314520e-01	2.155015e-01	-5.744526e+01	8.814153e+00	1.000000e+05	1.307423e-01	1.153675e-01	1.266995e-01
CP021828.1	.	365605	0	T	G	0.082	-3.294013e-01	2.760634e-01	-5.794043e+01	8.518599e+00	1.000000e+05	2.387763e-01	2.224071e-01	2.319714e-01
CP021828.1	.	365659	0	A	G	0.041	-4.402613e-01	3.300531e-01	-5.783837e+01	6.422023e+00	1.000000e+05	1.886612e-01	1.932190e-01	2.033764e-01
CP021828.1	.	365733	1	G	T	0.333	3.952694e-01	1.601398e-01	-5.557285e+01	4.711689e+01	1.000000e+05	1.727079e-02	1.260350e-02	1.955385e-02
CP021828.1	.	365740	2	G	A	0.255	7.506129e-02	1.915343e-01	-5.860520e+01	7.271607e+00	1.000000e+05	6.969073e-01	6.898584e-01	6.919029e-01
CP021828.1	.	365743	4	G	C	0.267	1.212583e-01	1.971191e-01	-5.836807e+01	8.592411e+00	1.000000e+05	5.414212e-01	4.260793e-01	4.315591e-01
CP021828.1	.	365766	0	T	C	0.224	-1.137883e-01	1.846097e-01	-5.859809e+01	6.209449e+00	1.000000e+05	5.406231e-01	6.770669e-01	6.792303e-01
CP021828.1	.	365781	0	T	C	0.041	-3.376401e-02	3.382854e-01	-5.867467e+01	7.122131e+00	1.000000e+05	9.209203e-01	8.867460e-01	8.873664e-01
CP021828.1	.	365794	2	A	G	0.064	-8.245717e-02	2.853548e-01	-5.857290e+01	7.826477e+00	1.000000e+05	7.738799e-01	6.361291e-01	6.387014e-01
CP021828.1	.	365824	4	G	C	0.044	1.796930e-01	3.755693e-01	-5.867832e+01	5.468191e+00	1.000000e+05	6.345447e-01	9.092623e-01	9.097537e-01
CP021828.1	.	365839	2	G	A	0.191	-2.444807e-02	1.925473e-01	-5.863928e+01	7.792669e+00	1.000000e+05	8.995044e-01	7.628168e-01	7.642543e-01
CP021828.1	.	365881	3	C	A	0.109	-3.511668e-01	2.078418e-01	-5.705709e+01	1.148626e+01	1.000000e+05	9.773093e-02	7.118658e-02	8.241959e-02
CP021828.1	.	365899	1	C	G	0.438	-2.557140e-01	1.472895e-01	-5.726233e+01	7.203812e+00	1.000000e+05	8.909242e-02	9.166043e-02	1.030657e-01
CP021828.1	.	365931	4	C	T	0.333	-5.048309e-01	1.682896e-01	-5.432168e+01	8.786023e+01	1.000000e+05	4.311771e-03	3.136557e-03	6.876293e-03
CP021828.1	.	392642	2	A	G	0.489	8.276076e-02	1.396263e-01	-5.840050e+01	8.999351e+00	1.000000e+05	5.562028e-01	4.507993e-01	4.558599e-01
CP021828.1	.	392819	0	G	C	0.224	1.884057e-01	1.717957e-01	-5.828233e+01	5.049122e+00	1.000000e+05	2.783667e-01	3.696110e-01	3.761260e-01
CP021828.1	.	626056	1	C	T	0.125	-1.177527e-01	2.549378e-01	-5.854121e+01	8.160518e+00	1.000000e+05	6.462927e-01	5.920183e-01	5.950835e-01
CP021828.1	.	626067	0	AG	A	0.143	-1.700871e-01	2.360462e-01	-5.830175e+01	1.009919e+01	1.000000e+05	4.747448e-01	3.814147e-01	3.877048e-01
CP021828.1	.	626086	1	C	T	0.167	6.335860e-02	2.221728e-01	-5.858236e+01	8.171472e+00	1.000000e+05	7.767614e-01	6.507823e-01	6.532031e-01
CP021828.1	.	626107	3	C	T	0.217	-2.804604e-01	1.828185e-01	-5.755207e+01	6.157320e+00	1.000000e+05	1.317117e-01	1.322847e-01	1.434506e-01
CP021828.1	.	626113	3	T	C	0.196	-1.629210e-01	2.118683e-01	-5.848534e+01	6.290745e+00	1.000000e+05	4.457564e-01	5.276272e-01	5.315194e-01
CP021828.1	.	626140	2	C	G	0.064	1.973385e-01	2.762766e-01	-5.826135e+01	8.524464e+00	1.000000e+05	4.785874e-01	3.574225e-01	3.641743e-01
CP021828.1	.	626152	0	G	A	0.204	-2.435693e-02	2.200003e-01	-5.865997e+01	7.355304e+00	1.000000e+05	9.123152e-01	8.236132e-01	8.246229e-01
CP021828.1	.	626167	2	C	T	0.255	-2.392995e-01	1.726736e-01	-5.817731e+01	4.235738e+00	1.000000e+05	1.723339e-01	3.137033e-01	3.213375e-01
CP021828.1	.	626170	3	C	G	0.217	-2.921095e-01	2.072161e-01	-5.776915e+01	6.883861e+00	1.000000e+05	1.652159e-01	1.759711e-01	1.864564e-01
CP021828.1	.	626221	0	C	G	0.490	-1.081291e-01	1.637732e-01	-5.847706e+01	6.708730e+00	1.000000e+05	5.123248e-01	5.191821e-01	5.231929e-01
CP021828.1	.	626227	1	T	C	0.479	1.536841e-01	1.754545e-01	-5.837102e+01	6.352347e+00	1.000000e+05	3.855283e-01	4.282411e-01	4.336835e-01
CP021828.1	.	626260	2	C	T	0.489	-2.484165e-01	1.686539e-01	-5.833206e+01	3.179432e+00	1.000000e+05	1.474340e-01	4.009401e-01	4.068678e-01
CP021828.1	.	626271	0	T	TC	0.469	6.326614e-02	1.823546e-01	-5.865278e+01	5.477391e+00	1.000000e+05	7.301850e-01	8.001641e-01	8.013316e-01
CP021828.1	.	626284	3	A	C	0.435	6.471204e-01	1.985779e-01	-5.371028e+01	7.399079e+00	1.000000e+05	2.082866e-03	1.609313e-03	4.301125e-03
CP021828.1	.	626286	3	A	C	0.457	3.545574e-01	1.811717e-01	-5.804067e+01	2.293961e+00	1.000000e+05	5.629908e-02	2.563642e-01	2.652098e-01
CP021828.1	.	626293	0	T	C	0.388	4.294722e-01	2.080603e-01	-5.655831e+01	7.643116e+00	1.000000e+05	4.454560e-02	3.918057e-02	4.928367e-02
CP021828.1	.	626298	1	C	T	0.438	3.870674e-01	1.806703e-01	-5.631004e+01	7.389654e+00	1.000000e+05	3.737215e-02	2.930584e-02	3.864674e-02
CP021828.1	.	626305	2	A	G	0.383	2.810448e-01	1.996618e-01	-5.798939e+01	4.648223e+00	1.000000e+05	1.658280e-01	2.382600e-01	2.474907e-01
CP021828.1	.	626308	1	G	T	0.396	2.515961e-01	1.740480e-01	-5.797478e+01	4.135123e+00	1.000000e+05	1.549372e-01	2.333899e-01	2.427236e-01
CP021828.1	.	661775	1	C	T	0.208	3.901864e-03	1.699118e-01	-5.867048e+01	6.964668e+00	1.000000e+05	9.817762e-01	8.655594e-01	8.663054e-01
CP021828.1	.	897897	1	T	C	0.021	9.129109e-02	4.856483e-01	-5.868467e+01	6.556197e+00	1.000000e+05	8.517033e-01	9.863828e-01	9.864551e-01
CP021828.1	.	898518	0	G	C	0.041	-3.500383e-01	3.236066e-01	-5.787546e+01	1.456438e+01	1.000000e+05	2.849142e-01	2.032701e-01	2.132275e-01
CP021828.1	.	911042	0	A	T	0.020	-1.684164e-01	4.353263e-01	-5.863502e+01	6.178571e+00	1.000000e+05	7.005957e-01	7.523133e-01	7.538314e-01
CP021828.1	.	994802	1	C	T	0.062	8.729652e-02	2.647455e-01	-5.858434e+01	7.398668e+00	1.000000e+05	7.430634e-01	6.539454e-01	6.563343e-01
CP021828.1	.	994803	0	A	C	0.061	-7.391134e-03	2.452980e-01	-5.866785e+01	6.410231e+00	1.000000e+05	9.760900e-01	8.538535e-01	8.546708e-01
CP021828.1	.	995452	0	T	C	0.041	3.152235e-01	3.457701e-01	-5.849883e+01	4.617970e+00	1.000000e+05	3.666022e-01	5.419328e-01	5.456297e-01
CP021828.1	.	1322288	2	C	G	0.021	-6.986023e-01	5.072990e-01	-5.813239e+01	4.392681e+00	1.000000e+05	1.750046e-01	2.932057e-01	3.012684e-01
CP021828.1	.	1322354	0	G	A	0.041	-2.729619e-01	3.880786e-01	-5.849849e+01	6.790823e+00	1.000000e+05	4.852966e-01	5.415616e-01	5.452635e-01
CP021828.1	.	1452970	0	G	T	0.020	-3.335440e-01	4.607421e-01	-5.826925e+01	9.448586e+00	1.000000e+05	4.726982e-01	3.619435e-01	3.686069e-01
CP021828.1	.	1452986	2	CA	C	0.064	4.032940e-01	2.945821e-01	-5.806965e+01	4.184021e+00	1.000000e+05	1.774949e-01	2.673423e-01	2.759537e-01
CP021828.1	.	1471780	2	G	A	0.468	-1.543867e-01	1.383149e-01	-5.805824e+01	7.073100e+00	1.000000e+05	2.700117e-01	2.629503e-01	2.716553e-01
