chr	rs	ps	n_miss	allele1	allele0	af	beta	se	logl_H1	l_remle	l_mle	p_wald	p_lrt	p_score
CP021825.1	.	10624	0	T	TCTGGCCGGACG	0.184	-1.278710e-01	1.930032e-01	-7.001465e+01	3.865545e-01	4.355839e-01	5.108655e-01	4.957991e-01	5.040396e-01
CP021825.1	.	218304	0	T	C	0.020	4.265086e-01	5.137676e-01	-6.988260e+01	3.935109e-01	4.614257e-01	4.106461e-01	3.935241e-01	4.055122e-01
CP021825.1	.	526844	0	G	T	0.020	3.576305e-01	5.143334e-01	-6.999157e+01	3.498051e-01	4.092102e-01	4.902734e-01	4.751029e-01	4.805910e-01
CP021825.1	.	1038788	1	G	C	0.312	-9.266321e-02	1.635445e-01	-7.007608e+01	3.843811e-01	4.307252e-01	5.736866e-01	5.592195e-01	5.666058e-01
CP021825.1	.	1038838	4	C	T	0.244	2.778180e-01	1.783138e-01	-6.910697e+01	1.905223e-01	2.196536e-01	1.259354e-01	1.311127e-01	1.518315e-01
CP021825.1	.	1247320	0	T	C	0.020	5.982629e-02	5.147199e-01	-7.023811e+01	3.299364e-01	3.931312e-01	9.079649e-01	8.962571e-01	8.973077e-01
CP021825.1	.	1356055	0	T	TC	0.163	-2.504966e-01	2.113715e-01	-6.964798e+01	7.103298e-01	8.052742e-01	2.419350e-01	2.738707e-01	3.612626e-01
CP021825.1	.	1358090	0	G	T	0.041	4.923274e-02	3.728840e-01	-7.023856e+01	3.291279e-01	3.816436e-01	8.955223e-01	8.989934e-01	8.998097e-01
CP021825.1	.	1358203	0	ATG	A	0.388	1.296178e-01	1.563485e-01	-6.988844e+01	3.960417e-01	4.362656e-01	4.112771e-01	3.973435e-01	4.060287e-01
CP021825.1	.	1360089	0	C	T	0.020	1.314579e-01	5.323531e-01	-7.021352e+01	3.530784e-01	3.961830e-01	8.060322e-01	7.969812e-01	7.986724e-01
CP021825.1	.	1377217	0	G	A	0.020	-9.706646e-01	5.011398e-01	-6.844409e+01	2.013245e-01	2.442241e-01	5.878002e-02	5.760429e-02	7.179666e-02
CP021825.1	.	1377263	2	G	C	0.213	-3.350346e-02	1.941338e-01	-7.022892e+01	3.977752e-01	4.401803e-01	8.637232e-01	8.507767e-01	8.688925e-01
CP021825.1	.	1377284	3	A	C	0.087	2.791014e-01	2.724547e-01	-6.972836e+01	2.770273e-01	3.151757e-01	3.108922e-01	3.086362e-01	3.207741e-01
CP021825.1	.	1377293	1	G	C	0.146	1.543569e-01	2.170832e-01	-7.000678e+01	2.805752e-01	3.093953e-01	4.805678e-01	4.885776e-01	5.033314e-01
CP021825.1	.	1377296	0	T	C	0.184	1.976330e-01	1.963795e-01	-6.978290e+01	2.275899e-01	2.450973e-01	3.193846e-01	3.355340e-01	3.638185e-01
CP021825.1	.	1377315	0	G	C	0.102	3.035017e-01	2.439092e-01	-6.948374e+01	2.622647e-01	2.975503e-01	2.195506e-01	2.167516e-01	2.312031e-01
CP021825.1	.	1377395	0	C	T	0.061	1.331562e-01	3.061357e-01	-7.014593e+01	3.420634e-01	3.983734e-01	6.655836e-01	6.536312e-01	6.564317e-01
CP021825.1	.	1377398	0	T	C	0.020	5.101420e-01	5.281519e-01	-6.977758e+01	2.993800e-01	3.402083e-01	3.390381e-01	3.327772e-01	3.419277e-01
CP021825.1	.	1377584	2	A	G	0.106	2.066632e-01	2.493023e-01	-6.993331e+01	2.464952e-01	2.788293e-01	4.113138e-01	4.286076e-01	4.496914e-01
CP021825.1	.	1377602	1	C	T	0.125	-4.424439e-02	2.345214e-01	-7.022532e+01	3.802538e-01	4.216807e-01	8.511730e-01	8.364961e-01	8.452218e-01
CP021825.1	.	1377690	0	A	G	0.041	-1.621901e-01	3.874448e-01	-7.015362e+01	3.704097e-01	4.051382e-01	6.774045e-01	6.662886e-01	6.696397e-01
CP021825.1	.	1377704	1	A	T	0.500	-1.672329e-01	1.503716e-01	-6.960967e+01	3.495015e-01	3.888674e-01	2.717382e-01	2.590380e-01	2.678307e-01
CP021825.1	.	1377749	0	A	C	0.041	4.343371e-02	3.713177e-01	-7.023566e+01	3.439331e-01	4.082876e-01	9.073808e-01	8.823297e-01	8.872807e-01
CP021825.1	.	1377794	0	G	C	0.082	3.008329e-01	2.651213e-01	-6.958583e+01	4.593641e-01	5.309851e-01	2.622554e-01	2.503108e-01	2.714123e-01
CP021825.1	.	1377877	2	A	G	0.128	7.946575e-02	2.259583e-01	-7.017615e+01	3.755451e-01	4.375557e-01	7.266477e-01	7.073576e-01	7.176584e-01
CP021825.1	.	1732471	0	A	AT	0.061	2.517333e-01	3.201088e-01	-7.000083e+01	2.105594e-01	2.258343e-01	4.355809e-01	4.832321e-01	5.294796e-01
CP021825.1	.	1732500	1	G	A	0.083	6.314962e-01	2.583779e-01	-6.777336e+01	2.531087e-02	3.518679e-02	1.832934e-02	2.614347e-02	4.604634e-02
CP021825.1	.	1732515	1	T	G	0.292	5.496108e-01	1.458125e-01	-6.433311e+01	1.000000e-05	1.000000e-05	4.565216e-04	5.837797e-04	5.306507e-03
CP021825.1	.	1732521	0	G	T	0.224	5.654858e-01	1.593218e-01	-6.498612e+01	1.000000e-05	1.000000e-05	8.890959e-04	1.180272e-03	7.922519e-03
CP021825.1	.	1732545	3	A	G	0.304	4.496552e-01	1.545677e-01	-6.674774e+01	1.000000e-05	1.000000e-05	5.520612e-03	8.161260e-03	3.091938e-02
CP021825.1	.	1732551	1	T	C	0.312	4.208371e-01	1.511866e-01	-6.706552e+01	1.000000e-05	1.000000e-05	7.720704e-03	1.165781e-02	3.378545e-02
CP021825.1	.	1732566	2	C	A	0.404	3.183580e-01	1.500580e-01	-6.822624e+01	1.112213e-01	1.273774e-01	3.917580e-02	4.441427e-02	6.387364e-02
CP021825.1	.	1732594	3	A	G	0.174	1.706175e-01	2.043204e-01	-6.993147e+01	2.418442e-01	2.733779e-01	4.079151e-01	4.272512e-01	4.509281e-01
CP021825.1	.	1904758	0	G	C	0.041	-6.470261e-02	3.840167e-01	-7.023019e+01	3.615800e-01	4.005680e-01	8.669216e-01	8.561803e-01	8.585189e-01
CP021826.1	.	143947	0	AT	A	0.469	-5.583094e-02	1.513614e-01	-7.018078e+01	3.222126e-01	3.637430e-01	7.138897e-01	7.167232e-01	7.204021e-01
CP021826.1	.	148361	3	CA	C	0.022	-3.743724e-01	5.112982e-01	-6.997850e+01	2.934130e-01	3.575649e-01	4.676824e-01	4.639991e-01	4.700831e-01
CP021827.1	.	12013	3	A	AT	0.478	1.451329e-01	1.581415e-01	-6.983496e+01	2.798494e-01	3.019581e-01	3.634402e-01	3.642176e-01	3.782763e-01
CP021827.1	.	12058	0	A	AGGG	0.469	2.193983e-02	1.542169e-01	-7.023842e+01	3.411100e-01	3.709812e-01	8.874780e-01	8.981572e-01	9.013481e-01
CP021827.1	.	16476	4	AC	A	0.467	1.113518e-01	1.590332e-01	-7.001414e+01	2.813415e-01	3.125263e-01	4.872669e-01	4.953211e-01	5.088099e-01
CP021827.1	.	74787	2	A	G	0.043	-5.845193e-02	3.817955e-01	-7.023189e+01	3.612514e-01	4.069878e-01	8.789768e-01	8.637512e-01	8.678412e-01
CP021827.1	.	74828	0	G	C	0.061	5.376719e-02	3.214155e-01	-7.023937e+01	3.180161e-01	3.545224e-01	8.678655e-01	9.041899e-01	9.152802e-01
CP021827.1	.	74859	1	GC	G	0.208	1.016071e-01	1.861614e-01	-7.011016e+01	2.846690e-01	3.276460e-01	5.877841e-01	6.013855e-01	6.126544e-01
CP021827.1	.	74963	0	CG	C	0.163	2.680034e-01	1.969134e-01	-6.930929e+01	3.012696e-01	3.539816e-01	1.799972e-01	1.709438e-01	1.819260e-01
CP021827.1	.	74986	3	G	C	0.043	-7.184391e-02	3.743694e-01	-7.022517e+01	3.448088e-01	3.992238e-01	8.486422e-01	8.359529e-01	8.379794e-01
CP021827.1	.	109668	0	C	G	0.082	-1.686057e-01	2.719690e-01	-7.005082e+01	3.252194e-01	3.675091e-01	5.382885e-01	5.314661e-01	5.360279e-01
CP021827.1	.	302275	3	A	AT	0.152	2.184906e-01	2.145593e-01	-6.971209e+01	4.371387e-01	4.878566e-01	3.137383e-01	3.011628e-01	3.172285e-01
CP021827.1	.	322944	0	C	T	0.061	2.849794e-01	3.168452e-01	-6.989012e+01	2.234987e-01	2.477033e-01	3.730101e-01	3.984579e-01	4.277134e-01
CP021827.1	.	322957	0	T	C	0.082	7.994219e-02	2.727241e-01	-7.020502e+01	3.247025e-01	3.726861e-01	7.707171e-01	7.730296e-01	7.752905e-01
CP021827.1	.	352369	0	G	C	0.061	2.289029e-01	3.166742e-01	-7.000395e+01	2.693963e-01	2.993404e-01	4.733637e-01	4.860185e-01	5.027154e-01
CP021827.1	.	352549	0	C	T	0.163	1.473243e-01	2.016783e-01	-6.998155e+01	2.999429e-01	3.455870e-01	4.687157e-01	4.665536e-01	4.737758e-01
CP021827.1	.	352609	0	G	A	0.122	-1.234168e-01	2.256774e-01	-7.008817e+01	3.542133e-01	4.053621e-01	5.870534e-01	5.734887e-01	5.775639e-01
CP021827.1	.	359548	0	C	A	0.224	3.017898e-01	1.773848e-01	-6.903699e+01	9.577405e-02	9.689697e-02	9.548904e-02	1.198529e-01	1.611376e-01
CP021827.1	.	359571	1	G	A	0.354	1.395064e-01	1.626710e-01	-6.991217e+01	2.440225e-01	2.582551e-01	3.954662e-01	4.134423e-01	4.410305e-01
CP021827.1	.	359578	0	G	T	0.388	7.789831e-02	1.566717e-01	-7.013606e+01	2.899641e-01	3.191861e-01	6.213609e-01	6.382041e-01	6.534729e-01
CP021827.1	.	387590	0	C	G	0.020	-5.025966e-01	5.110035e-01	-6.976980e+01	2.708362e-01	3.249054e-01	3.303739e-01	3.287996e-01	3.399052e-01
CP021827.1	.	392984	0	ACC	A	0.020	-2.827972e-01	5.258950e-01	-7.009125e+01	3.868448e-01	4.422312e-01	5.932906e-01	5.772379e-01	5.867940e-01
CP021827.1	.	399746	1	C	A	0.146	1.696056e-01	2.126281e-01	-6.996206e+01	2.409709e-01	2.807483e-01	4.290778e-01	4.506171e-01	4.730378e-01
CP021827.1	.	418234	0	T	G	0.020	-7.288695e-02	5.153147e-01	-7.023946e+01	3.123070e-01	3.755821e-01	8.881256e-01	9.047844e-01	9.067116e-01
CP021827.1	.	431565	0	G	C	0.041	-2.823050e-01	3.865057e-01	-6.998144e+01	4.830895e-01	5.378063e-01	4.687691e-01	4.664648e-01	4.989052e-01
CP021827.1	.	431583	1	T	C	0.062	-9.619843e-02	3.185424e-01	-7.019608e+01	3.861011e-01	4.290426e-01	7.639877e-01	7.505496e-01	7.592720e-01
CP021827.1	.	431631	3	C	A	0.065	-3.636980e-01	3.159877e-01	-6.958752e+01	5.168735e-01	5.783377e-01	2.555594e-01	2.509193e-01	2.781682e-01
CP021827.1	.	431663	3	G	A	0.348	2.004664e-02	1.636639e-01	-7.023665e+01	3.591253e-01	4.039147e-01	9.030359e-01	8.877801e-01	8.913309e-01
CP021827.1	.	431703	0	C	G	0.408	1.046226e-01	1.539434e-01	-7.000672e+01	3.532647e-01	3.877540e-01	5.000803e-01	4.885188e-01	4.929832e-01
CP021827.1	.	431760	4	C	G	0.356	4.131354e-02	1.635475e-01	-7.021301e+01	3.454078e-01	3.886292e-01	8.016721e-01	7.954680e-01	7.966935e-01
CP021827.1	.	431808	0	C	T	0.102	1.802067e-01	2.442430e-01	-6.996008e+01	3.709273e-01	4.228136e-01	4.642935e-01	4.490410e-01	4.559484e-01
CP021827.1	.	431838	0	A	C	0.041	-2.611682e-01	3.735845e-01	-6.999178e+01	3.450375e-01	3.949652e-01	4.879428e-01	4.752841e-01	4.800603e-01
CP021827.1	.	431967	3	G	T	0.087	-1.998278e-01	2.705401e-01	-6.996755e+01	3.214373e-01	3.705166e-01	4.638071e-01	4.550150e-01	4.603773e-01
CP021827.1	.	431968	4	C	T	0.044	-3.780627e-01	3.673629e-01	-6.969363e+01	3.770544e-01	4.436548e-01	3.086877e-01	2.929598e-01	3.032743e-01
CP021827.1	.	432981	0	C	A	0.020	-6.566552e-01	5.204782e-01	-6.942627e+01	3.975719e-01	4.492425e-01	2.133046e-01	2.002321e-01	2.121037e-01
CP021827.1	.	444780	0	C	A	0.041	1.994341e-01	3.727060e-01	-7.009993e+01	3.265241e-01	3.753833e-01	5.951051e-01	5.880691e-01	5.914825e-01
CP021827.1	.	452198	1	AG	A	0.125	3.892201e-02	2.268666e-01	-7.022799e+01	3.520311e-01	4.070700e-01	8.645173e-01	8.469599e-01	8.508538e-01
CP021827.1	.	471937	1	C	CT	0.271	-3.503128e-01	1.627553e-01	-6.843636e+01	1.600134e-02	2.010541e-02	3.653312e-02	5.707189e-02	9.047884e-02
CP021827.1	.	551651	0	T	G	0.020	4.401399e-01	5.033682e-01	-6.984176e+01	4.141547e-01	4.995683e-01	3.863524e-01	3.682107e-01	3.864965e-01
CP021827.1	.	554119	0	GA	G	0.429	3.654388e-01	1.419973e-01	-6.725407e+01	1.025931e-01	1.272257e-01	1.328025e-02	1.442736e-02	2.473388e-02
CP021827.1	.	556422	0	T	TC	0.143	-9.604777e-02	2.154785e-01	-7.014393e+01	3.414437e-01	3.833897e-01	6.578304e-01	6.504244e-01	6.528751e-01
CP021827.1	.	586523	0	G	C	0.449	1.301139e-01	1.529082e-01	-6.992775e+01	2.302867e-01	2.555856e-01	3.991238e-01	4.245388e-01	4.528618e-01
CP021827.1	.	586570	0	A	T	0.449	-1.502699e-01	1.531115e-01	-6.975128e+01	3.451348e-01	3.734282e-01	3.314006e-01	3.195795e-01	3.272487e-01
CP021827.1	.	586637	0	A	G	0.327	2.651736e-01	1.574760e-01	-6.889724e+01	1.989337e-01	2.189983e-01	9.883255e-02	1.004280e-01	1.196555e-01
CP021827.1	.	586673	0	G	A	0.265	3.109981e-01	1.659126e-01	-6.869808e+01	1.127065e-01	1.226530e-01	6.708829e-02	7.843372e-02	1.058967e-01
CP021827.1	.	586713	0	C	CCAGATCGCAGTGCCGA	0.061	2.606221e-01	3.168173e-01	-6.990743e+01	3.073209e-01	3.374459e-01	4.148749e-01	4.101525e-01	4.189436e-01
CP021827.1	.	586790	1	G	A	0.062	2.868032e-01	3.099469e-01	-6.984866e+01	2.419047e-01	2.814776e-01	3.595212e-01	3.723218e-01	3.911645e-01
CP021827.1	.	586819	1	A	G	0.062	2.412030e-01	3.221617e-01	-6.997070e+01	2.999921e-01	3.231608e-01	4.577677e-01	4.575712e-01	4.682453e-01
CP021827.1	.	586831	0	G	A	0.041	1.205030e-01	3.846625e-01	-7.020202e+01	3.199379e-01	3.551736e-01	7.554621e-01	7.652115e-01	7.711516e-01
CP021827.1	.	595041	0	G	A	0.020	3.045866e-01	5.126415e-01	-7.005508e+01	3.734248e-01	4.451580e-01	5.552603e-01	5.359663e-01	5.456832e-01
CP021827.1	.	595043	0	A	C	0.020	-1.069916e+00	4.962439e-01	-6.793103e+01	4.252472e-01	4.980296e-01	3.623173e-02	3.139644e-02	4.167286e-02
CP021827.1	.	596030	1	G	GGT	0.021	-1.159808e+00	4.953697e-01	-6.759421e+01	5.914475e-01	6.873378e-01	2.350871e-02	2.126678e-02	3.299440e-02
CP021827.1	.	596707	0	C	CGCGT	0.367	-7.723284e-02	1.708886e-01	-7.015576e+01	4.863568e-01	5.090957e-01	6.533851e-01	6.699100e-01	7.081877e-01
CP021827.1	.	606298	1	T	G	0.021	7.667833e-01	5.153636e-01	-6.913158e+01	2.976546e-01	3.397613e-01	1.434698e-01	1.353490e-01	1.472193e-01
CP021827.1	.	639984	3	TTGC	T	0.109	4.271657e-02	2.562629e-01	-7.023618e+01	3.321276e-01	3.637615e-01	8.683287e-01	8.851815e-01	8.906523e-01
CP021827.1	.	640681	1	G	C	0.375	-1.446585e-02	1.578342e-01	-7.024074e+01	3.555707e-01	3.984532e-01	9.273639e-01	9.137215e-01	9.160158e-01
CP021827.1	.	661801	4	G	C	0.378	-1.926832e-02	1.604208e-01	-7.023827e+01	3.436773e-01	3.914793e-01	9.049071e-01	8.972567e-01	8.980935e-01
CP021827.1	.	661862	0	C	G	0.367	2.571057e-01	1.521979e-01	-6.883934e+01	5.575729e-01	6.353131e-01	9.778904e-02	9.341404e-02	1.142118e-01
CP021827.1	.	661985	1	A	G	0.188	2.812995e-01	1.868563e-01	-6.908899e+01	4.230836e-01	4.864657e-01	1.389045e-01	1.281121e-01	1.419901e-01
CP021827.1	.	662382	3	A	G	0.413	8.847812e-02	1.568185e-01	-7.008353e+01	3.313046e-01	3.753509e-01	5.752960e-01	5.679237e-01	5.715424e-01
CP021827.1	.	662502	0	C	A	0.163	1.241270e-01	2.015443e-01	-7.004591e+01	3.696335e-01	4.182298e-01	5.409454e-01	5.263695e-01	5.321071e-01
CP021827.1	.	662628	0	C	T	0.082	-1.775307e-01	2.786005e-01	-7.003383e+01	4.077198e-01	4.496005e-01	5.270715e-01	5.141788e-01	5.247804e-01
CP021827.1	.	663480	0	T	G	0.041	3.527410e-01	3.732775e-01	-6.982685e+01	2.455406e-01	2.856285e-01	3.495004e-01	3.595359e-01	3.778736e-01
CP021827.1	.	663639	0	T	C	0.041	1.638786e-01	3.768957e-01	-7.015347e+01	3.191652e-01	3.630085e-01	6.656892e-01	6.660296e-01	6.700236e-01
CP021827.1	.	702429	0	AT	A	0.347	3.536967e-01	1.485609e-01	-6.801443e+01	1.000000e-05	1.000000e-05	2.137907e-02	3.460881e-02	7.321257e-02
CP021827.1	.	703232	0	AGC	A	0.020	-6.542307e-01	5.181739e-01	-6.943052e+01	3.356022e-01	3.784997e-01	2.129724e-01	2.014019e-01	2.114319e-01
CP021827.1	.	704259	4	G	A	0.156	2.551670e-01	2.111427e-01	-6.951067e+01	2.930621e-01	3.407194e-01	2.328985e-01	2.250502e-01	2.357147e-01
CP021827.1	.	704277	0	G	A	0.082	-1.397318e-02	2.728247e-01	-7.024452e+01	3.417006e-01	3.908437e-01	9.593699e-01	9.484093e-01	9.491105e-01
CP021827.1	.	704633	0	C	G	0.204	7.947015e-02	1.934469e-01	-7.017139e+01	3.059889e-01	3.264530e-01	6.830781e-01	6.981048e-01	7.123086e-01
CP021827.1	.	705509	1	C	T	0.229	1.049781e-01	1.832449e-01	-7.009926e+01	2.782721e-01	3.115147e-01	5.694540e-01	5.872227e-01	6.026235e-01
CP021827.1	.	707585	0	C	A	0.265	-1.151881e-01	1.738904e-01	-7.001695e+01	3.820869e-01	4.153380e-01	5.109388e-01	4.979365e-01	5.036598e-01
CP021827.1	.	707754	1	G	A	0.167	1.393643e-01	2.011993e-01	-7.001904e+01	2.771952e-01	3.240675e-01	4.919264e-01	4.999073e-01	5.107294e-01
CP021827.1	.	707844	4	A	C	0.444	-7.896802e-02	1.582687e-01	-7.011761e+01	3.450439e-01	3.828491e-01	6.201427e-01	6.114912e-01	6.143662e-01
CP021827.1	.	708071	2	T	C	0.149	-2.220829e-02	2.111214e-01	-7.023997e+01	3.358627e-01	3.908805e-01	9.166711e-01	9.082146e-01	9.089552e-01
CP021827.1	.	708380	1	T	G	0.208	4.443679e-02	1.871170e-01	-7.021691e+01	3.445118e-01	3.886386e-01	8.133156e-01	8.074592e-01	8.086037e-01
CP021827.1	.	708434	1	G	A	0.479	-1.522131e-01	1.540611e-01	-6.974552e+01	3.404530e-01	3.694796e-01	3.282097e-01	3.167820e-01	3.245979e-01
CP021827.1	.	708442	1	G	A	0.479	-1.718536e-01	1.533419e-01	-6.960196e+01	3.450312e-01	3.766432e-01	2.681003e-01	2.561771e-01	2.650877e-01
CP021827.1	.	708476	1	T	C	0.333	1.464211e-01	1.605926e-01	-6.983562e+01	2.864968e-01	3.228972e-01	3.665509e-01	3.646007e-01	3.754419e-01
CP021827.1	.	708524	3	T	A	0.109	1.643463e-01	2.533618e-01	-7.005884e+01	2.658849e-01	2.928279e-01	5.197136e-01	5.399999e-01	5.605376e-01
CP021827.1	.	735678	0	T	A	0.020	9.751713e-01	4.896164e-01	-6.835742e+01	6.796608e-01	8.108995e-01	5.223210e-02	5.191867e-02	7.697616e-02
CP021827.1	.	735689	1	G	C	0.021	-2.514803e-01	5.114756e-01	-7.012340e+01	3.127838e-01	3.780050e-01	6.252369e-01	6.195999e-01	6.225338e-01
CP021827.1	.	770043	1	A	G	0.042	3.314271e-01	3.862930e-01	-6.996382e+01	1.889066e-01	2.010555e-01	3.952643e-01	4.520171e-01	5.100316e-01
CP021827.1	.	770137	3	C	T	0.413	-5.787856e-02	1.596360e-01	-7.017961e+01	3.429374e-01	3.767529e-01	7.185546e-01	7.143160e-01	7.165013e-01
CP021827.1	.	773282	1	T	C	0.250	-1.212955e-01	1.751045e-01	-6.999452e+01	4.066247e-01	4.546471e-01	4.919044e-01	4.776676e-01	4.894348e-01
CP021827.1	.	773324	2	C	T	0.191	9.580872e-02	1.971010e-01	-7.013901e+01	2.951473e-01	3.289126e-01	6.291624e-01	6.427181e-01	6.543562e-01
CP021827.1	.	773342	0	G	A	0.143	1.035748e-01	2.180131e-01	-7.014320e+01	2.993086e-01	3.302925e-01	6.369267e-01	6.492746e-01	6.606224e-01
CP021827.1	.	774022	0	A	T	0.061	5.349770e-01	3.031643e-01	-6.867996e+01	3.176633e-01	3.677965e-01	8.412137e-02	7.670865e-02	8.807116e-02
CP021827.1	.	777791	0	T	G	0.061	5.009781e-01	3.095784e-01	-6.916297e+01	1.001371e-01	1.021126e-01	1.122990e-01	1.409760e-01	1.871586e-01
CP021827.1	.	778433	0	T	TC	0.061	3.632654e-01	3.124526e-01	-6.964384e+01	1.932251e-01	2.165882e-01	2.508509e-01	2.722159e-01	3.038352e-01
CP021827.1	.	778438	1	C	T	0.083	5.551561e-01	2.665085e-01	-6.832248e+01	1.025828e-01	1.067938e-01	4.271053e-02	4.979733e-02	7.187523e-02
CP021827.1	.	778447	3	C	G	0.239	1.153367e-01	1.844900e-01	-7.004813e+01	3.297511e-01	3.610599e-01	5.348865e-01	5.286669e-01	5.337943e-01
CP021827.1	.	778456	3	A	G	0.391	-1.517962e-02	1.670343e-01	-7.024213e+01	3.719925e-01	3.895383e-01	9.279763e-01	9.245504e-01	9.250999e-01
CP021827.1	.	778462	1	G	A	0.458	-4.484007e-03	1.606287e-01	-7.024617e+01	3.712150e-01	3.871085e-01	9.778479e-01	9.762597e-01	9.764060e-01
CP021827.1	.	778468	2	T	C	0.447	-1.242000e-01	1.583120e-01	-6.993025e+01	3.429847e-01	3.690321e-01	4.366676e-01	4.263551e-01	4.322271e-01
CP021827.1	.	778492	0	G	A	0.184	-2.870516e-01	1.895907e-01	-6.919197e+01	1.755842e-01	2.074803e-01	1.367072e-01	1.464081e-01	1.692318e-01
CP021827.1	.	778502	4	A	G	0.200	-2.735181e-01	1.940611e-01	-6.925598e+01	2.775887e-01	3.076948e-01	1.652868e-01	1.592586e-01	1.725281e-01
CP021827.1	.	778510	4	G	C	0.289	-6.381786e-02	1.756147e-01	-7.017840e+01	3.488058e-01	3.824485e-01	7.179378e-01	7.118684e-01	7.137774e-01
CP021827.1	.	793546	0	G	A	0.082	2.688435e-02	2.786484e-01	-7.024316e+01	3.420086e-01	3.780415e-01	9.235486e-01	9.338324e-01	9.354043e-01
CP021827.1	.	793560	0	C	G	0.163	3.949196e-01	2.034829e-01	-6.836544e+01	3.205821e-01	3.480660e-01	5.829347e-02	5.241898e-02	6.330860e-02
CP021827.1	.	793567	1	G	C	0.167	3.023211e-01	2.097675e-01	-6.921455e+01	2.738547e-01	2.836814e-01	1.561524e-01	1.508027e-01	1.651312e-01
CP021827.1	.	793579	2	A	G	0.149	2.957937e-01	2.214682e-01	-6.939711e+01	2.232413e-01	2.257354e-01	1.881112e-01	1.924190e-01	2.147519e-01
CP021827.1	.	793591	3	C	G	0.152	1.152440e-01	2.238622e-01	-7.012424e+01	2.986290e-01	3.181284e-01	6.091061e-01	6.207950e-01	6.357157e-01
CP021827.1	.	809071	0	C	T	0.020	-1.385245e-01	5.119289e-01	-7.021244e+01	3.080951e-01	3.732526e-01	7.878886e-01	7.937796e-01	7.959280e-01
CP021827.1	.	958334	0	C	A	0.020	2.206968e-01	5.218516e-01	-7.014997e+01	3.519102e-01	4.094042e-01	6.742889e-01	6.601907e-01	6.639764e-01
CP021827.1	.	958352	2	G	GC	0.170	-3.750596e-01	1.963755e-01	-6.881013e+01	4.369751e-02	6.100956e-02	6.225817e-02	9.007904e-02	1.312005e-01
CP021827.1	.	962653	1	T	C	0.042	3.516853e-01	3.786544e-01	-6.981898e+01	2.878374e-01	3.233311e-01	3.577506e-01	3.550707e-01	3.660572e-01
CP021827.1	.	962660	0	T	C	0.041	6.790789e-01	3.700474e-01	-6.854916e+01	4.209152e-01	4.736964e-01	7.282157e-02	6.539853e-02	7.747986e-02
CP021827.1	.	962668	0	A	C	0.122	4.447785e-01	2.223290e-01	-6.836036e+01	1.739563e-01	1.913127e-01	5.123721e-02	5.210140e-02	6.883219e-02
CP021827.1	.	962673	0	T	C	0.143	2.912798e-01	2.126234e-01	-6.933357e+01	2.419101e-01	2.680816e-01	1.772171e-01	1.765907e-01	1.939810e-01
CP021827.1	.	962686	0	C	A	0.388	1.325039e-01	1.544390e-01	-6.991473e+01	2.386000e-01	2.631051e-01	3.952639e-01	4.152345e-01	4.444409e-01
CP021827.1	.	1009532	0	AT	A	0.102	-3.625265e-01	2.468847e-01	-6.921961e+01	6.262424e-01	7.039601e-01	1.486558e-01	1.518069e-01	1.898836e-01
CP021827.1	.	1009548	0	G	A	0.041	2.198777e-02	3.816810e-01	-7.024566e+01	3.408967e-01	3.824953e-01	9.543053e-01	9.652125e-01	9.659133e-01
CP021827.1	.	1009563	0	T	C	0.061	-3.211811e-02	3.173951e-01	-7.023886e+01	3.642582e-01	4.091957e-01	9.198279e-01	9.009119e-01	9.068567e-01
CP021827.1	.	1009630	0	T	G	0.061	1.108392e-01	3.061858e-01	-7.017538e+01	3.446605e-01	4.029043e-01	7.189747e-01	7.058516e-01	7.086949e-01
CP021827.1	.	1010097	2	T	C	0.489	-2.996115e-01	1.486369e-01	-6.822646e+01	3.056624e-01	3.367076e-01	4.956582e-02	4.442576e-02	5.510987e-02
CP021827.1	.	1010789	3	T	C	0.326	1.755015e-01	1.653278e-01	-6.966746e+01	4.397425e-01	4.882638e-01	2.938703e-01	2.818162e-01	2.970023e-01
CP021827.1	.	1010932	2	C	T	0.383	3.665087e-02	1.580864e-01	-7.021939e+01	3.403637e-01	3.820153e-01	8.176682e-01	8.155017e-01	8.166849e-01
CP021827.1	.	1011310	1	C	T	0.188	-1.738941e-01	1.929797e-01	-6.983399e+01	3.149039e-01	3.555994e-01	3.721293e-01	3.636509e-01	3.712958e-01
CP021827.1	.	1011356	0	A	G	0.184	-3.268025e-01	1.918347e-01	-6.880678e+01	5.326964e-01	5.943109e-01	9.506725e-02	8.970497e-02	1.078354e-01
CP021827.1	.	1013618	0	C	G	0.367	1.016885e-01	1.580374e-01	-7.007247e+01	2.496220e-01	2.782992e-01	5.230621e-01	5.550911e-01	5.822274e-01
CP021827.1	.	1014176	0	G	A	0.102	-2.266369e-01	2.448153e-01	-6.980409e+01	3.396531e-01	3.849742e-01	3.593069e-01	3.468250e-01	3.537884e-01
CP021827.1	.	1014317	1	T	C	0.438	1.817393e-01	1.508981e-01	-6.960636e+01	1.818894e-01	2.104241e-01	2.344712e-01	2.578051e-01	2.911269e-01
CP021827.1	.	1014371	0	T	C	0.367	-5.709182e-02	1.568450e-01	-7.018316e+01	3.224236e-01	3.593814e-01	7.174894e-01	7.216691e-01	7.262656e-01
CP021827.1	.	1014386	2	C	A	0.255	-8.178745e-02	1.770302e-01	-7.014481e+01	3.109134e-01	3.456296e-01	6.462148e-01	6.518265e-01	6.592205e-01
CP021827.1	.	1014455	2	T	C	0.362	-1.117530e-03	1.599648e-01	-7.024652e+01	3.440736e-01	3.882535e-01	9.944555e-01	9.891259e-01	9.895089e-01
CP021827.1	.	1014461	0	A	G	0.286	-1.061470e-01	1.656246e-01	-7.004250e+01	3.094653e-01	3.476068e-01	5.247075e-01	5.228730e-01	5.297677e-01
CP021827.1	.	1084966	2	G	A	0.383	-2.003051e-02	1.566529e-01	-7.023713e+01	3.447825e-01	3.924081e-01	8.988009e-01	8.904993e-01	8.914619e-01
CP021827.1	.	1133218	2	G	T	0.021	-3.329870e-01	5.126849e-01	-7.003188e+01	3.081344e-01	3.740286e-01	5.191792e-01	5.122503e-01	5.166209e-01
CP021827.1	.	1173412	0	C	CGT	0.041	-2.274433e-01	3.844522e-01	-7.006415e+01	3.586769e-01	3.917535e-01	5.569512e-01	5.457823e-01	5.494857e-01
CP021827.1	.	1173420	1	C	G	0.062	1.863034e-01	3.156576e-01	-7.006914e+01	3.305098e-01	3.684307e-01	5.578790e-01	5.513285e-01	5.555484e-01
CP021827.1	.	1173432	2	G	A	0.064	1.676797e-01	3.230791e-01	-7.010886e+01	3.434081e-01	3.702867e-01	6.061926e-01	5.996611e-01	6.032469e-01
CP021827.1	.	1173452	3	G	C	0.109	4.148756e-01	2.508358e-01	-6.888110e+01	2.859084e-01	3.099409e-01	1.047975e-01	9.841572e-02	1.109900e-01
CP021827.1	.	1189635	4	C	G	0.467	-7.403123e-02	1.566034e-01	-7.012796e+01	3.587314e-01	4.043602e-01	6.385933e-01	6.261655e-01	6.296755e-01
CP021827.1	.	1199494	0	A	C	0.122	-1.007006e-01	2.309114e-01	-7.014515e+01	4.150413e-01	4.671237e-01	6.647604e-01	6.523648e-01	6.709304e-01
CP021827.1	.	1199501	0	T	C	0.102	9.910835e-03	2.520903e-01	-7.024658e+01	3.433306e-01	3.847717e-01	9.688061e-01	9.937647e-01	9.942736e-01
CP021827.1	.	1199524	0	T	G	0.082	-2.473716e-01	2.720392e-01	-6.981669e+01	3.612574e-01	4.072561e-01	3.678190e-01	3.537808e-01	3.610212e-01
CP021827.1	.	1199746	0	GAA	G	0.163	2.698471e-01	2.019524e-01	-6.948515e+01	1.490134e-01	1.675637e-01	1.879202e-01	2.171766e-01	2.547717e-01
CP021827.1	.	1200993	0	A	C	0.204	2.175271e-01	1.892177e-01	-6.962152e+01	2.328324e-01	2.511648e-01	2.561197e-01	2.635161e-01	2.845710e-01
CP021827.1	.	1201056	0	G	T	0.224	1.066731e-01	1.846490e-01	-7.009965e+01	2.741682e-01	2.968713e-01	5.662191e-01	5.877129e-01	6.093026e-01
CP021827.1	.	1201085	1	A	G	0.104	3.692454e-01	2.458396e-01	-6.931678e+01	1.122522e-01	1.221106e-01	1.397924e-01	1.726647e-01	2.173435e-01
CP021827.1	.	1201804	0	C	G	0.041	3.822838e-01	3.738734e-01	-6.970996e+01	3.287437e-01	3.765223e-01	3.117808e-01	3.002016e-01	3.081926e-01
CP021827.1	.	1202172	1	A	G	0.500	-2.784376e-01	1.472545e-01	-6.851973e+01	2.147505e-01	2.368498e-01	6.481621e-02	6.310788e-02	7.858901e-02
CP021827.1	.	1202352	3	A	G	0.391	-2.556205e-02	1.600491e-01	-7.023246e+01	3.527199e-01	3.926210e-01	8.737910e-01	8.664061e-01	8.674689e-01
CP021827.1	.	1202379	4	G	A	0.200	7.988065e-03	1.964073e-01	-7.024571e+01	3.439479e-01	3.867971e-01	9.677305e-01	9.660897e-01	9.662739e-01
CP021827.1	.	1202439	1	A	G	0.354	8.786246e-02	1.600573e-01	-7.008754e+01	3.678739e-01	4.107378e-01	5.856426e-01	5.727301e-01	5.771998e-01
CP021827.1	.	1202965	2	T	C	0.277	-5.029084e-03	1.737604e-01	-7.024548e+01	3.531989e-01	3.928835e-01	9.770329e-01	9.620734e-01	9.634700e-01
CP021827.1	.	1236030	1	C	A	0.396	3.320132e-01	1.473098e-01	-6.780178e+01	2.132506e-01	2.458507e-01	2.890950e-02	2.701799e-02	3.751940e-02
CP021827.1	.	1236099	1	C	G	0.375	1.286815e-01	1.565006e-01	-6.995452e+01	2.265470e-01	2.584756e-01	4.150908e-01	4.446786e-01	4.747640e-01
CP021827.1	.	1236257	2	C	T	0.170	1.150464e-01	2.046355e-01	-7.008465e+01	3.351324e-01	3.732364e-01	5.766502e-01	5.692549e-01	5.729890e-01
CP021827.1	.	1236319	1	C	G	0.083	-1.059332e-01	2.717850e-01	-7.016777e+01	3.385549e-01	3.846582e-01	6.984684e-01	6.912996e-01	6.933423e-01
CP021827.1	.	1236609	3	C	G	0.109	5.051102e-01	2.359958e-01	-6.800924e+01	2.458922e-01	2.849828e-01	3.754734e-02	3.439924e-02	4.507496e-02
CP021827.1	.	1236666	0	C	G	0.061	5.878838e-01	3.021070e-01	-6.878162e+01	3.240850e-02	3.255654e-02	5.765445e-02	8.694852e-02	1.343740e-01
CP021827.1	.	1236699	0	G	A	0.143	5.620234e-01	1.975902e-01	-6.691280e+01	1.000000e-05	1.000000e-05	6.569333e-03	9.817981e-03	2.421974e-02
CP021827.1	.	1236845	4	G	A	0.444	9.031457e-02	1.558073e-01	-7.007031e+01	3.488885e-01	3.976882e-01	5.649154e-01	5.526487e-01	5.564550e-01
CP021827.1	.	1236872	1	G	C	0.375	4.974641e-02	1.590435e-01	-7.019999e+01	3.286619e-01	3.632979e-01	7.558278e-01	7.600992e-01	7.639721e-01
CP021827.1	.	1237036	3	G	C	0.326	3.016055e-01	1.605232e-01	-6.807091e+01	6.048124e-01	1.000000e+05	6.646897e-02	3.697835e-02	8.366019e-02
CP021827.1	.	1237194	1	C	A	0.375	-6.651400e-02	1.570292e-01	-7.015217e+01	3.522487e-01	3.944615e-01	6.738063e-01	6.638445e-01	6.663246e-01
CP021827.1	.	1237501	1	T	G	0.104	-3.413261e-01	2.425467e-01	-6.923139e+01	3.802958e-01	4.264658e-01	1.659295e-01	1.541752e-01	1.656486e-01
CP021827.1	.	1238223	0	A	G	0.061	3.402084e-01	3.145801e-01	-6.971183e+01	2.172176e-01	2.393081e-01	2.850068e-01	3.010461e-01	3.279234e-01
CP021827.1	.	1238263	1	C	A	0.042	3.083352e-01	3.851159e-01	-6.997224e+01	2.284479e-01	2.513241e-01	4.273748e-01	4.588299e-01	4.911677e-01
CP021827.1	.	1238283	2	G	C	0.085	-8.207251e-02	2.851895e-01	-7.020292e+01	4.117020e-01	4.456816e-01	7.747785e-01	7.675435e-01	7.829822e-01
CP021827.1	.	1238301	3	A	G	0.109	-2.458287e-01	2.537180e-01	-6.979870e+01	5.531364e-01	6.202448e-01	3.375522e-01	3.439061e-01	3.874365e-01
CP021827.1	.	1238313	0	T	G	0.204	1.646008e-01	1.904039e-01	-6.990455e+01	2.461191e-01	2.601015e-01	3.917136e-01	4.081741e-01	4.362407e-01
CP021827.1	.	1238319	1	T	C	0.250	3.642652e-01	1.690202e-01	-6.814605e+01	1.174692e-01	1.263631e-01	3.630362e-02	4.039734e-02	5.975071e-02
CP021827.1	.	1238322	0	C	A	0.204	2.188423e-01	1.859726e-01	-6.960575e+01	2.138582e-01	2.354041e-01	2.452228e-01	2.575789e-01	2.843072e-01
CP021827.1	.	1238349	0	G	C	0.367	2.123005e-01	1.548331e-01	-6.929460e+01	3.132503e-01	3.436303e-01	1.768379e-01	1.676292e-01	1.790634e-01
CP021827.1	.	1238355	3	G	C	0.283	-5.202009e-02	1.747942e-01	-7.019770e+01	3.863192e-01	4.272723e-01	7.673142e-01	7.544664e-01	7.627309e-01
CP021827.1	.	1238379	0	T	C	0.082	3.702532e-01	2.733139e-01	-6.947530e+01	1.400304e-01	1.523933e-01	1.819957e-01	2.142267e-01	2.569295e-01
CP021827.1	.	1238395	3	G	C	0.065	3.805369e-01	3.122615e-01	-6.958283e+01	1.876392e-01	2.105888e-01	2.290595e-01	2.492401e-01	2.805250e-01
CP021827.1	.	1238403	3	G	C	0.174	2.944713e-01	2.024391e-01	-6.928791e+01	1.708016e-01	1.882188e-01	1.524216e-01	1.661443e-01	1.959867e-01
CP021827.1	.	1238424	1	C	T	0.146	1.485265e-01	2.179242e-01	-7.004158e+01	2.573931e-01	2.820284e-01	4.988674e-01	5.219410e-01	5.469928e-01
CP021827.1	.	1238425	2	A	C	0.128	2.246618e-01	2.294600e-01	-6.982740e+01	2.083759e-01	2.338138e-01	3.325490e-01	3.598483e-01	3.940053e-01
CP021827.1	.	1238532	1	C	A	0.438	2.233613e-01	1.511989e-01	-6.913397e+01	4.269228e-01	4.740320e-01	1.462738e-01	1.357682e-01	1.491310e-01
CP021827.1	.	1238748	3	C	A	0.065	-3.479966e-02	3.118870e-01	-7.023850e+01	3.463350e-01	3.966041e-01	9.116333e-01	8.986674e-01	9.003530e-01
CP021827.1	.	1238771	0	CGG	C	0.306	2.352124e-02	1.637718e-01	-7.023784e+01	3.360590e-01	3.754666e-01	8.864129e-01	8.946398e-01	8.965310e-01
CP021827.1	.	1238774	2	CAG	C	0.447	-2.098838e-01	1.511334e-01	-6.925722e+01	3.799741e-01	4.307852e-01	1.714606e-01	1.595194e-01	1.709540e-01
CP021827.1	.	1238784	2	T	C	0.213	6.738571e-02	1.889787e-01	-7.018241e+01	3.383928e-01	3.740343e-01	7.230034e-01	7.200929e-01	7.224753e-01
CP021827.1	.	1238814	4	G	T	0.133	-9.887843e-03	2.305555e-01	-7.024561e+01	3.436206e-01	3.867840e-01	9.659733e-01	9.643766e-01	9.645694e-01
CP021827.1	.	1251680	0	A	G	0.122	1.541088e-01	2.283516e-01	-7.001355e+01	3.287739e-01	3.698700e-01	5.030617e-01	4.947743e-01	4.996116e-01
CP021827.1	.	1251716	0	A	G	0.102	3.073619e-01	2.469829e-01	-6.947445e+01	2.802109e-01	3.120448e-01	2.194982e-01	2.139758e-01	2.267683e-01
CP021827.1	.	1251722	0	A	G	0.163	8.151526e-02	2.052744e-01	-7.017618e+01	3.040800e-01	3.387532e-01	6.930885e-01	7.074321e-01	7.175784e-01
CP021827.1	.	1251737	1	A	G	0.083	9.225530e-02	2.768234e-01	-7.020024e+01	3.040837e-01	3.402579e-01	7.404172e-01	7.607173e-01	7.718648e-01
CP021827.1	.	1251743	1	G	A	0.062	3.595077e-01	3.103497e-01	-6.962528e+01	2.152596e-01	2.428688e-01	2.525550e-01	2.649584e-01	2.905901e-01
CP021827.1	.	1251808	2	C	T	0.447	3.076159e-02	1.539546e-01	-7.022321e+01	3.581204e-01	4.055170e-01	8.424916e-01	8.287163e-01	8.320082e-01
CP021827.1	.	1251859	2	G	C	0.128	-2.649148e-01	2.340009e-01	-6.962700e+01	5.588517e-01	6.175176e-01	2.633312e-01	2.656196e-01	3.047297e-01
CP021827.1	.	1272656	0	A	C	0.082	1.293307e-01	2.797343e-01	-7.013504e+01	3.573739e-01	3.905966e-01	6.459750e-01	6.366625e-01	6.392739e-01
CP021828.1	.	162459	4	AAAGT	A	0.289	-1.305312e-01	1.875595e-01	-7.002210e+01	5.211256e-01	5.522029e-01	4.898903e-01	5.027984e-01	5.449615e-01
CP021828.1	.	164965	0	C	CCG	0.306	5.053368e-02	1.665505e-01	-7.019865e+01	3.536641e-01	3.871695e-01	7.629139e-01	7.567706e-01	7.582563e-01
CP021828.1	.	168101	0	G	GT	0.020	-6.129890e-01	5.140174e-01	-6.951124e+01	4.217729e-01	4.932717e-01	2.390336e-01	2.252278e-01	2.400195e-01
CP021828.1	.	189160	2	A	G	0.021	1.286639e-01	5.355922e-01	-7.022197e+01	3.221497e-01	3.607455e-01	8.111987e-01	8.243209e-01	8.295102e-01
CP021828.1	.	195354	0	G	GCA	0.041	5.316669e-01	3.815036e-01	-6.925322e+01	3.671506e-01	4.023901e-01	1.699910e-01	1.586771e-01	1.695482e-01
CP021828.1	.	195381	0	A	G	0.020	-2.137415e-01	5.298314e-01	-7.016289e+01	3.388127e-01	3.804592e-01	6.884730e-01	6.823963e-01	6.846305e-01
CP021828.1	.	220772	1	C	CTT	0.062	2.105804e-01	3.147182e-01	-7.002999e+01	2.932663e-01	3.288159e-01	5.067003e-01	5.104036e-01	5.205513e-01
CP021828.1	.	225129	0	T	C	0.020	9.081128e-01	5.277614e-01	-6.875992e+01	3.113957e-01	3.392313e-01	9.188557e-02	8.464485e-02	9.644402e-02
CP021828.1	.	225887	0	A	T	0.020	1.506895e-01	5.124505e-01	-7.019517e+01	3.507660e-01	4.210308e-01	7.700093e-01	7.483904e-01	7.547767e-01
CP021828.1	.	225895	3	C	A	0.022	-8.524184e-01	4.946126e-01	-6.874466e+01	3.118274e-01	3.980046e-01	9.138882e-02	8.306463e-02	9.445120e-02
CP021828.1	.	225933	0	G	GGC	0.082	-7.171100e-02	2.812821e-01	-7.021039e+01	4.045007e-01	4.501695e-01	7.998791e-01	7.878090e-01	8.065321e-01
CP021828.1	.	227899	0	A	C	0.020	-1.105670e-01	5.215255e-01	-7.022162e+01	3.395766e-01	3.947124e-01	8.330184e-01	8.231036e-01	8.245429e-01
CP021828.1	.	227901	0	G	T	0.041	-5.600185e-01	3.660750e-01	-6.916253e+01	1.785245e-01	2.181738e-01	1.327716e-01	1.408938e-01	1.629938e-01
CP021828.1	.	245493	0	GGC	G	0.041	7.445222e-01	3.566515e-01	-6.783422e+01	5.705341e-01	1.000000e+05	4.228693e-02	2.805326e-02	5.364128e-02
CP021828.1	.	245841	1	GT	G	0.375	-2.144275e-01	1.567647e-01	-6.937363e+01	2.014231e-01	2.211808e-01	1.778701e-01	1.863858e-01	2.096228e-01
CP021828.1	.	247174	1	T	C	0.104	-5.396341e-03	2.428111e-01	-7.024655e+01	3.289678e-01	3.858765e-01	9.823630e-01	9.912595e-01	9.913519e-01
CP021828.1	.	247211	0	T	G	0.367	4.483444e-03	1.579693e-01	-7.024595e+01	3.520832e-01	3.884359e-01	9.774779e-01	9.710361e-01	9.713444e-01
CP021828.1	.	247240	0	C	CT	0.449	-1.038666e-01	1.540764e-01	-7.001514e+01	3.329575e-01	3.597016e-01	5.035348e-01	4.962485e-01	5.017936e-01
CP021828.1	.	247256	0	T	C	0.429	1.645833e-03	1.556636e-01	-7.024650e+01	3.581174e-01	3.870705e-01	9.916089e-01	9.879365e-01	9.880355e-01
CP021828.1	.	247264	0	G	T	0.020	9.499781e-01	5.084832e-01	-6.853201e+01	2.471547e-01	2.852804e-01	6.796679e-02	6.405321e-02	7.684332e-02
CP021828.1	.	247278	0	A	C	0.020	-3.117896e-01	5.205861e-01	-7.005595e+01	3.598419e-01	4.164704e-01	5.521020e-01	5.368926e-01	5.422960e-01
CP021828.1	.	249146	0	ATT	A	0.347	-1.370062e-01	1.564124e-01	-6.984696e+01	3.641499e-01	4.107528e-01	3.855234e-01	3.713015e-01	3.783832e-01
CP021828.1	.	256680	3	CG	C	0.283	1.691819e-01	1.740445e-01	-6.976810e+01	3.127268e-01	3.451368e-01	3.359964e-01	3.279404e-01	3.367191e-01
CP021828.1	.	267152	0	CG	C	0.082	1.384661e-01	2.796389e-01	-7.013880e+01	2.863153e-01	3.155071e-01	6.227941e-01	6.423987e-01	6.590056e-01
CP021828.1	.	267473	2	C	T	0.085	3.360295e-01	2.707218e-01	-6.953709e+01	2.025063e-01	2.323678e-01	2.206782e-01	2.335597e-01	2.596384e-01
CP021828.1	.	267491	0	C	G	0.041	-1.241223e-01	3.696868e-01	-7.018853e+01	3.257609e-01	3.840088e-01	7.385537e-01	7.332430e-01	7.349371e-01
CP021828.1	.	267541	3	G	GGT	0.435	-2.309690e-01	1.540877e-01	-6.929500e+01	1.254787e-01	1.417614e-01	1.405752e-01	1.677191e-01	2.076328e-01
CP021828.1	.	267546	3	C	CG	0.413	-3.296799e-01	1.496761e-01	-6.833978e+01	1.417773e-02	1.846245e-02	3.256134e-02	5.083619e-02	8.518228e-02
CP021828.1	.	268239	0	C	CGA	0.367	-6.274574e-02	1.566133e-01	-7.016658e+01	3.300678e-01	3.678565e-01	6.904998e-01	6.891042e-01	6.923180e-01
CP021828.1	.	272788	0	A	AC	0.061	5.394229e-01	2.920570e-01	-6.861274e+01	6.557446e-01	7.710205e-01	7.105109e-02	7.065507e-02	9.981101e-02
CP021828.1	.	278508	0	G	GT	0.020	4.945012e-01	5.031226e-01	-6.974379e+01	4.513214e-01	5.445271e-01	3.307069e-01	3.159469e-01	3.410677e-01
CP021828.1	.	281319	0	C	A	0.082	-1.327289e-01	2.678124e-01	-7.013987e+01	2.735450e-01	3.301876e-01	6.224834e-01	6.440488e-01	6.554682e-01
CP021828.1	.	284748	0	T	G	0.204	3.623984e-02	1.941241e-01	-7.023204e+01	3.384705e-01	3.611309e-01	8.527120e-01	8.644484e-01	8.703901e-01
CP021828.1	.	284766	1	C	A	0.292	-9.309123e-02	1.751369e-01	-7.010389e+01	4.440750e-01	4.764775e-01	5.975521e-01	5.931521e-01	6.128598e-01
CP021828.1	.	284773	1	T	C	0.354	1.063773e-01	1.644008e-01	-7.004955e+01	2.877357e-01	3.039822e-01	5.207404e-01	5.301413e-01	5.469663e-01
CP021828.1	.	284794	1	A	G	0.354	9.230469e-03	1.650292e-01	-7.024578e+01	3.549350e-01	3.800175e-01	9.556328e-01	9.674628e-01	9.690340e-01
CP021828.1	.	284848	0	T	C	0.061	1.972521e-03	3.236463e-01	-7.024651e+01	3.558195e-01	3.890290e-01	9.951630e-01	9.886493e-01	9.893260e-01
CP021828.1	.	284860	0	G	A	0.020	9.490405e-01	5.099549e-01	-6.854794e+01	2.435902e-01	2.800733e-01	6.900174e-02	6.530118e-02	7.836392e-02
CP021828.1	.	285106	0	C	G	0.204	-8.855374e-02	1.908500e-01	-7.013329e+01	4.105309e-01	4.491665e-01	6.447922e-01	6.340312e-01	6.463682e-01
CP021828.1	.	285187	0	G	C	0.041	-2.105912e-01	3.758124e-01	-7.008743e+01	3.236403e-01	3.672718e-01	5.778936e-01	5.725904e-01	5.767318e-01
CP021828.1	.	285282	2	C	T	0.043	3.440253e-01	3.797844e-01	-6.986151e+01	2.515058e-01	2.821880e-01	3.696392e-01	3.801558e-01	3.995400e-01
CP021828.1	.	285298	2	A	G	0.064	2.752278e-01	3.132382e-01	-6.986702e+01	2.845478e-01	3.196788e-01	3.840592e-01	3.835826e-01	3.949862e-01
CP021828.1	.	285301	3	A	G	0.087	1.761641e-01	2.708284e-01	-7.003088e+01	3.205913e-01	3.705175e-01	5.185599e-01	5.112712e-01	5.158382e-01
CP021828.1	.	288053	1	GCC	G	0.167	1.248700e-01	2.070944e-01	-7.009055e+01	2.622529e-01	2.893241e-01	5.494327e-01	5.763798e-01	6.003652e-01
CP021828.1	.	288056	1	A	C	0.146	1.719569e-01	2.198116e-01	-7.000345e+01	2.112890e-01	2.263700e-01	4.379667e-01	4.855738e-01	5.312682e-01
CP021828.1	.	288081	1	CGCGAGT	C	0.062	3.865798e-01	3.146498e-01	-6.950482e+01	2.621115e-01	2.907887e-01	2.253371e-01	2.232157e-01	2.375082e-01
CP021828.1	.	291191	0	C	CG	0.449	3.106442e-01	1.435168e-01	-6.847610e+01	1.000000e-05	1.000000e-05	3.553731e-02	5.986852e-02	1.141954e-01
CP021828.1	.	292665	2	TA	T	0.447	5.473802e-02	1.581614e-01	-7.019041e+01	3.241411e-01	3.534961e-01	7.308198e-01	7.374155e-01	7.433958e-01
CP021828.1	.	296579	3	T	TC	0.065	-8.348842e-01	2.823943e-01	-6.613276e+01	6.195407e-01	7.191213e-01	4.854787e-03	4.125558e-03	9.361060e-03
CP021828.1	.	297100	0	A	T	0.041	-6.116032e-01	3.637925e-01	-6.883483e+01	2.797067e-01	3.325820e-01	9.936120e-02	9.289037e-02	1.048828e-01
CP021828.1	.	297103	0	A	T	0.020	3.884241e-01	5.216395e-01	-6.996083e+01	3.302136e-01	3.784168e-01	4.602076e-01	4.496359e-01	4.548110e-01
CP021828.1	.	297736	0	A	G	0.184	1.053541e-01	1.947601e-01	-7.009723e+01	3.330001e-01	3.723974e-01	5.911015e-01	5.846566e-01	5.882495e-01
CP021828.1	.	297754	2	A	G	0.085	1.431345e-01	2.710996e-01	-7.010119e+01	3.399752e-01	3.893808e-01	5.999989e-01	5.896828e-01	5.927953e-01
CP021828.1	.	297802	1	G	A	0.021	3.847306e-01	5.331860e-01	-6.997711e+01	3.423313e-01	3.858414e-01	4.741340e-01	4.628464e-01	4.677108e-01
CP021828.1	.	298110	0	G	C	0.224	-7.404271e-02	1.790005e-01	-7.015407e+01	3.669024e-01	4.144431e-01	6.810153e-01	6.670439e-01	6.717018e-01
CP021828.1	.	298986	0	T	C	0.020	-2.873073e-02	5.176674e-01	-7.024516e+01	3.279333e-01	3.858501e-01	9.559751e-01	9.571062e-01	9.573451e-01
CP021828.1	.	299051	2	C	T	0.043	1.123227e-02	3.824555e-01	-7.024651e+01	3.435735e-01	3.850690e-01	9.766948e-01	9.885583e-01	9.888126e-01
CP021828.1	.	300818	2	A	G	0.340	-2.941611e-03	1.607195e-01	-7.024654e+01	3.391400e-01	3.860304e-01	9.854748e-01	9.905123e-01	9.905859e-01
CP021828.1	.	301039	4	A	C	0.044	-1.902217e-01	3.836532e-01	-7.011563e+01	3.824590e-01	4.242564e-01	6.223343e-01	6.087703e-01	6.151816e-01
CP021828.1	.	301132	0	T	C	0.449	6.676673e-02	1.517460e-01	-7.016696e+01	2.812343e-01	3.176828e-01	6.619611e-01	6.897911e-01	7.078971e-01
CP021828.1	.	301231	0	G	A	0.184	-7.689117e-02	1.978626e-01	-7.016652e+01	3.646284e-01	3.996942e-01	6.993203e-01	6.889865e-01	6.916435e-01
CP021828.1	.	301273	3	C	T	0.087	1.803091e-01	2.831618e-01	-7.005895e+01	2.813683e-01	3.031398e-01	5.273636e-01	5.401135e-01	5.574127e-01
CP021828.1	.	301297	0	A	G	0.061	3.298161e-01	3.197434e-01	-6.972741e+01	2.692234e-01	2.902537e-01	3.075843e-01	3.081915e-01	3.236058e-01
CP021828.1	.	301548	0	C	T	0.102	4.584958e-01	2.393143e-01	-6.841256e+01	3.104193e-01	3.531152e-01	6.147535e-02	5.546362e-02	6.645771e-02
CP021828.1	.	301581	0	T	C	0.102	-2.328533e-01	2.530262e-01	-6.982933e+01	5.112051e-01	5.695407e-01	3.621293e-01	3.609552e-01	3.945294e-01
CP021828.1	.	302464	0	G	T	0.061	-1.538229e-01	3.043719e-01	-7.012705e+01	2.884178e-01	3.469279e-01	6.156552e-01	6.248481e-01	6.316707e-01
CP021828.1	.	360934	0	T	C	0.020	2.267668e-01	5.456257e-01	-7.017656e+01	2.874775e-01	3.105598e-01	6.795877e-01	7.081883e-01	7.305037e-01
CP021828.1	.	364930	2	A	G	0.043	6.997343e-02	3.757837e-01	-7.022900e+01	3.347198e-01	3.842533e-01	8.530841e-01	8.511395e-01	8.520109e-01
CP021828.1	.	364939	1	G	A	0.083	-1.789583e-01	2.677415e-01	-7.001347e+01	3.373269e-01	3.940502e-01	5.071481e-01	4.947048e-01	4.991656e-01
CP021828.1	.	365005	0	G	A	0.020	-1.179536e-01	5.189261e-01	-7.022489e+01	3.103080e-01	3.681179e-01	8.211738e-01	8.348978e-01	8.381102e-01
CP021828.1	.	365016	1	C	G	0.042	-2.590003e-01	3.703078e-01	-7.001595e+01	2.700761e-01	3.259478e-01	4.877374e-01	4.970067e-01	5.074738e-01
CP021828.1	.	365134	0	T	G	0.061	-4.700384e-02	3.088715e-01	-7.023323e+01	3.414800e-01	3.938520e-01	8.796969e-01	8.700770e-01	8.712668e-01
CP021828.1	.	365146	1	G	A	0.104	-2.699749e-02	2.488066e-01	-7.023848e+01	3.557161e-01	4.018934e-01	9.140547e-01	8.985026e-01	9.016010e-01
CP021828.1	.	365169	0	T	A	0.061	-3.336437e-01	3.100624e-01	-6.964603e+01	3.937052e-01	4.463311e-01	2.873961e-01	2.730881e-01	2.838440e-01
CP021828.1	.	365170	0	T	G	0.041	-2.604983e-01	3.828791e-01	-7.000380e+01	3.785628e-01	4.186725e-01	4.996101e-01	4.858841e-01	4.919757e-01
CP021828.1	.	365221	0	A	G	0.224	-1.610279e-01	1.774685e-01	-6.983177e+01	3.037158e-01	3.433342e-01	3.688450e-01	3.623631e-01	3.711752e-01
CP021828.1	.	365233	3	T	G	0.370	2.306765e-01	1.596230e-01	-6.919170e+01	3.100888e-01	3.374691e-01	1.550552e-01	1.463570e-01	1.582881e-01
CP021828.1	.	365248	2	A	G	0.191	3.233559e-01	1.915672e-01	-6.880777e+01	3.341280e-01	3.679145e-01	9.804676e-02	8.981557e-02	1.012891e-01
CP021828.1	.	365251	4	T	C	0.178	1.292530e-01	2.059336e-01	-7.005033e+01	3.139680e-01	3.487304e-01	5.332749e-01	5.309574e-01	5.375861e-01
CP021828.1	.	365254	2	A	G	0.149	2.455818e-01	2.160367e-01	-6.961661e+01	2.594331e-01	2.846552e-01	2.614013e-01	2.616505e-01	2.779218e-01
CP021828.1	.	365264	2	G	C	0.468	-1.563489e-01	1.549144e-01	-6.983448e+01	1.763701e-01	1.909192e-01	3.180179e-01	3.639342e-01	4.164668e-01
CP021828.1	.	365296	3	A	G	0.261	2.139584e-01	1.810192e-01	-6.953801e+01	3.179074e-01	3.338871e-01	2.431652e-01	2.338634e-01	2.448648e-01
CP021828.1	.	365299	1	A	G	0.354	2.261875e-01	1.589634e-01	-6.927259e+01	2.269788e-01	2.426922e-01	1.613719e-01	1.627986e-01	1.829679e-01
CP021828.1	.	365326	2	A	G	0.277	1.323227e-01	1.774206e-01	-6.997164e+01	3.050160e-01	3.199908e-01	4.594941e-01	4.583431e-01	4.700558e-01
CP021828.1	.	365329	2	G	C	0.468	1.218959e-01	1.558969e-01	-6.992747e+01	3.921401e-01	4.312291e-01	4.381944e-01	4.243358e-01	4.322700e-01
CP021828.1	.	365413	3	T	A	0.174	3.073055e-01	2.020319e-01	-6.927869e+01	1.168108e-01	1.308932e-01	1.349410e-01	1.641213e-01	2.021198e-01
CP021828.1	.	365437	0	G	T	0.041	-2.660564e-01	3.829036e-01	-7.000777e+01	4.892904e-01	5.589636e-01	4.905770e-01	4.894760e-01	5.294721e-01
CP021828.1	.	365455	2	A	G	0.213	1.605533e-01	1.904964e-01	-6.994378e+01	2.207937e-01	2.373979e-01	4.036005e-01	4.364254e-01	4.750111e-01
CP021828.1	.	365462	2	C	G	0.191	3.125291e-01	1.924798e-01	-6.915169e+01	1.013053e-01	1.035169e-01	1.111292e-01	1.389238e-01	1.866778e-01
CP021828.1	.	365470	3	T	C	0.217	6.223954e-02	1.946561e-01	-7.020207e+01	3.179069e-01	3.389352e-01	7.505817e-01	7.653557e-01	7.771196e-01
CP021828.1	.	365473	4	C	T	0.178	1.346210e-01	2.105471e-01	-7.007627e+01	2.497242e-01	2.654592e-01	5.256755e-01	5.594376e-01	5.946644e-01
CP021828.1	.	365506	1	A	G	0.188	-1.920717e-04	1.983033e-01	-7.024656e+01	3.527838e-01	3.872185e-01	9.992313e-01	9.916855e-01	9.918076e-01
CP021828.1	.	365512	0	A	G	0.347	1.436575e-01	1.602955e-01	-6.983489e+01	3.340876e-01	3.677241e-01	3.747111e-01	3.641786e-01	3.711297e-01
CP021828.1	.	365529	3	A	C	0.457	-9.176771e-02	1.598681e-01	-7.009673e+01	2.843108e-01	3.072731e-01	5.686903e-01	5.840316e-01	6.013206e-01
CP021828.1	.	365581	3	G	T	0.326	-8.642048e-02	1.707065e-01	-7.011362e+01	4.221453e-01	4.573802e-01	6.150465e-01	6.060383e-01	6.204415e-01
CP021828.1	.	365593	0	G	A	0.143	1.148902e-01	2.165677e-01	-7.010800e+01	3.154537e-01	3.518847e-01	5.982597e-01	5.985283e-01	6.043215e-01
CP021828.1	.	365602	1	A	G	0.146	-7.372088e-03	2.224109e-01	-7.024558e+01	3.631621e-01	3.919220e-01	9.736983e-01	9.638395e-01	9.649502e-01
CP021828.1	.	365605	0	T	G	0.082	1.548495e-01	2.817913e-01	-7.012123e+01	2.651989e-01	2.870507e-01	5.852516e-01	6.165387e-01	6.440436e-01
CP021828.1	.	365659	0	A	G	0.041	-3.010500e-01	3.787159e-01	-6.991603e+01	4.064030e-01	4.553575e-01	4.306543e-01	4.161504e-01	4.276317e-01
CP021828.1	.	365733	1	G	T	0.333	1.591421e-01	1.655151e-01	-6.979904e+01	2.691787e-01	2.852731e-01	3.412237e-01	3.440880e-01	3.609913e-01
CP021828.1	.	365740	2	G	A	0.255	2.161459e-01	1.807802e-01	-6.955556e+01	2.485633e-01	2.576589e-01	2.378393e-01	2.397440e-01	2.590248e-01
CP021828.1	.	365743	4	G	C	0.267	2.211385e-01	1.827627e-01	-6.954452e+01	2.399427e-01	2.445688e-01	2.323387e-01	2.360244e-01	2.574528e-01
CP021828.1	.	365766	0	T	C	0.224	1.337901e-01	1.856934e-01	-6.998929e+01	3.082453e-01	3.284870e-01	4.747921e-01	4.731369e-01	4.830523e-01
CP021828.1	.	365781	0	T	C	0.041	8.767827e-01	3.542233e-01	-6.733299e+01	1.946464e-01	2.276820e-01	1.697719e-02	1.577980e-02	2.457830e-02
CP021828.1	.	365794	2	A	G	0.064	8.075397e-01	2.903825e-01	-6.669461e+01	1.314449e-01	1.585462e-01	7.774005e-03	7.691186e-03	1.461981e-02
CP021828.1	.	365824	4	G	C	0.044	4.149238e-01	3.836243e-01	-6.970352e+01	2.265519e-01	2.477667e-01	2.849536e-01	2.973165e-01	3.211680e-01
CP021828.1	.	365839	2	G	A	0.191	-1.269284e-01	1.990818e-01	-7.003408e+01	4.061292e-01	4.417062e-01	5.268482e-01	5.144240e-01	5.239522e-01
CP021828.1	.	365881	3	C	A	0.109	-4.475153e-01	2.384804e-01	-6.848037e+01	3.244409e-01	3.659324e-01	6.679923e-02	6.017754e-02	7.124292e-02
CP021828.1	.	365899	1	C	G	0.438	-1.172602e-01	1.574170e-01	-6.996119e+01	4.358237e-01	4.713669e-01	4.600399e-01	4.499218e-01	4.649246e-01
CP021828.1	.	365931	4	C	T	0.333	-7.223463e-02	1.726449e-01	-7.015536e+01	4.140660e-01	4.446773e-01	6.775604e-01	6.692344e-01	6.812285e-01
CP021828.1	.	392642	2	A	G	0.489	-1.424472e-01	1.519776e-01	-6.979046e+01	3.606528e-01	4.049257e-01	3.534009e-01	3.395063e-01	3.469353e-01
CP021828.1	.	392819	0	G	C	0.224	1.493557e-01	1.821620e-01	-6.992868e+01	2.665608e-01	2.949340e-01	4.164085e-01	4.252143e-01	4.414895e-01
CP021828.1	.	626056	1	C	T	0.125	4.455371e-03	2.447398e-01	-7.024652e+01	3.710197e-01	3.851725e-01	9.855528e-01	9.894153e-01	9.896508e-01
CP021828.1	.	626067	0	AG	A	0.143	6.660234e-03	2.270977e-01	-7.024630e+01	3.675123e-01	3.846809e-01	9.767275e-01	9.799527e-01	9.802414e-01
CP021828.1	.	626086	1	C	T	0.167	-1.872078e-02	2.170916e-01	-7.024237e+01	3.793921e-01	3.953394e-01	9.316463e-01	9.266459e-01	9.282468e-01
CP021828.1	.	626107	3	C	T	0.217	1.545656e-01	1.943148e-01	-6.992966e+01	3.109923e-01	3.341723e-01	4.303570e-01	4.259276e-01	4.348210e-01
CP021828.1	.	626113	3	T	C	0.196	1.635573e-01	2.062677e-01	-6.993387e+01	3.071545e-01	3.163759e-01	4.317993e-01	4.290178e-01	4.407054e-01
CP021828.1	.	626140	2	C	G	0.064	6.894126e-03	3.147415e-01	-7.024657e+01	3.421187e-01	3.857440e-01	9.826172e-01	9.928110e-01	9.929321e-01
CP021828.1	.	626152	0	G	A	0.204	-5.942877e-02	2.036563e-01	-7.020360e+01	4.146963e-01	4.213321e-01	7.717167e-01	7.692871e-01	7.761933e-01
CP021828.1	.	626167	2	C	T	0.255	-7.248640e-03	1.828079e-01	-7.024598e+01	3.596895e-01	3.846180e-01	9.685388e-01	9.715671e-01	9.718579e-01
CP021828.1	.	626170	3	C	G	0.217	-4.467193e-02	2.013080e-01	-7.022072e+01	3.836062e-01	3.952532e-01	8.253466e-01	8.199755e-01	8.214997e-01
CP021828.1	.	626221	0	C	G	0.490	-4.315788e-02	1.608493e-01	-7.021181e+01	3.478643e-01	3.582829e-01	7.896330e-01	7.919044e-01	7.972370e-01
CP021828.1	.	626227	1	T	C	0.479	5.785876e-02	1.649895e-01	-7.018739e+01	3.371501e-01	3.374163e-01	7.273943e-01	7.307337e-01	7.416141e-01
CP021828.1	.	626260	2	C	T	0.489	-1.304184e-01	1.626339e-01	-6.994913e+01	2.602581e-01	2.562966e-01	4.266388e-01	4.405047e-01	4.689385e-01
CP021828.1	.	626271	0	T	TC	0.469	2.740577e-01	1.540795e-01	-6.877905e+01	1.642819e-01	1.376121e-01	8.176105e-02	8.667251e-02	1.098102e-01
CP021828.1	.	626284	3	A	C	0.435	2.871033e-01	1.501193e-01	-6.896805e+01	1.000000e-05	1.000000e-05	6.191692e-02	1.097978e-01	1.925062e-01
CP021828.1	.	626286	3	A	C	0.457	2.484276e-01	1.546183e-01	-6.931453e+01	4.640226e-02	1.000000e-05	1.148154e-01	1.721443e-01	2.599524e-01
CP021828.1	.	626293	0	T	C	0.388	1.745196e-01	1.645006e-01	-6.978686e+01	1.672818e-01	1.156703e-01	2.941542e-01	3.376046e-01	4.154434e-01
CP021828.1	.	626298	1	C	T	0.438	-1.527243e-01	1.814447e-01	-6.998814e+01	6.781152e-01	6.954845e-01	4.042113e-01	4.721490e-01	5.659401e-01
CP021828.1	.	626305	2	A	G	0.383	1.242699e-01	1.723185e-01	-7.003086e+01	2.307860e-01	1.911906e-01	4.743808e-01	5.112540e-01	5.766777e-01
CP021828.1	.	626308	1	G	T	0.396	3.351197e-01	1.467315e-01	-6.822564e+01	1.000000e-05	1.000000e-05	2.694026e-02	4.438297e-02	9.069873e-02
CP021828.1	.	661775	1	C	T	0.208	-5.049098e-02	1.874686e-01	-7.020972e+01	3.406025e-01	3.809658e-01	7.888544e-01	7.859054e-01	7.873314e-01
CP021828.1	.	897897	1	T	C	0.021	-2.192236e-01	5.317560e-01	-7.015693e+01	3.530877e-01	3.947403e-01	6.820206e-01	6.719225e-01	6.743525e-01
CP021828.1	.	898518	0	G	C	0.041	-9.511698e-02	3.751766e-01	-7.021262e+01	3.400646e-01	3.891709e-01	8.009676e-01	7.943103e-01	7.955580e-01
CP021828.1	.	911042	0	A	T	0.020	5.466792e-02	5.186665e-01	-7.023912e+01	3.373307e-01	3.955684e-01	9.165063e-01	9.025923e-01	9.040714e-01
CP021828.1	.	994802	1	C	T	0.062	2.606936e-01	3.075472e-01	-6.987048e+01	4.138940e-01	4.740545e-01	4.009268e-01	3.857585e-01	3.999351e-01
CP021828.1	.	994803	0	A	C	0.061	1.485114e-01	3.030569e-01	-7.011817e+01	3.423256e-01	4.043393e-01	6.263822e-01	6.122693e-01	6.158913e-01
CP021828.1	.	995452	0	T	C	0.041	2.064320e-02	3.826702e-01	-7.024598e+01	3.407594e-01	3.822722e-01	9.572075e-01	9.715867e-01	9.724323e-01
CP021828.1	.	1322288	2	C	G	0.021	2.238709e-01	5.421394e-01	-7.016674e+01	3.141186e-01	3.446246e-01	6.815286e-01	6.893882e-01	6.972361e-01
CP021828.1	.	1322354	0	G	A	0.041	6.057530e-01	3.800184e-01	-6.901713e+01	2.256130e-01	2.422722e-01	1.176375e-01	1.168567e-01	1.339635e-01
CP021828.1	.	1452970	0	G	T	0.020	-3.610965e-01	5.238758e-01	-6.999534e+01	3.780732e-01	4.312492e-01	4.940368e-01	4.783873e-01	4.860294e-01
CP021828.1	.	1452986	2	CA	C	0.064	5.891539e-01	3.074593e-01	-6.842913e+01	2.744152e-01	3.039279e-01	6.143250e-02	5.657794e-02	6.835106e-02
CP021828.1	.	1471780	2	G	A	0.468	-4.889476e-02	1.549072e-01	-7.019098e+01	3.865244e-01	4.345249e-01	7.536738e-01	7.387045e-01	7.489448e-01
