chr	rs	ps	n_miss	allele1	allele0	af	beta	se	logl_H1	l_remle	l_mle	p_wald	p_lrt	p_score
CP021825.1	.	10624	0	T	TCTGGCCGGACG	0.184	-3.510398e-02	1.721185e-01	-5.973360e+01	2.018718e+00	1.000000e+05	8.392713e-01	9.771686e-01	9.772899e-01
CP021825.1	.	218304	0	T	C	0.020	9.033171e-01	4.075164e-01	-5.661078e+01	6.101751e+00	1.000000e+05	3.152349e-02	1.244420e-02	1.935949e-02
CP021825.1	.	526844	0	G	T	0.020	1.290500e-01	4.351221e-01	-5.969797e+01	1.887591e+00	1.000000e+05	7.680914e-01	7.883262e-01	7.895767e-01
CP021825.1	.	1038788	1	G	C	0.312	1.087003e-01	1.468189e-01	-5.960361e+01	1.868946e+00	1.000000e+05	4.627585e-01	6.095740e-01	6.124362e-01
CP021825.1	.	1038838	4	C	T	0.244	-1.833328e-01	1.649290e-01	-5.923371e+01	2.252260e+00	1.000000e+05	2.719699e-01	3.171654e-01	3.247281e-01
CP021825.1	.	1247320	0	T	C	0.020	-1.749484e-01	4.241587e-01	-5.947367e+01	1.969005e+00	1.000000e+05	6.818778e-01	4.705537e-01	4.752944e-01
CP021825.1	.	1356055	0	T	TC	0.163	1.150129e-01	1.907036e-01	-5.940640e+01	2.231721e+00	1.000000e+05	5.493430e-01	4.182512e-01	4.238683e-01
CP021825.1	.	1358090	0	G	T	0.041	1.255136e-01	3.209384e-01	-5.964907e+01	1.969838e+00	1.000000e+05	6.975030e-01	6.802193e-01	6.823531e-01
CP021825.1	.	1358203	0	ATG	A	0.388	3.295015e-02	1.439118e-01	-5.972008e+01	1.979622e+00	1.000000e+05	8.198928e-01	8.674484e-01	8.681830e-01
CP021825.1	.	1360089	0	C	T	0.020	5.135044e-01	4.742499e-01	-5.931298e+01	1.782712e+00	1.000000e+05	2.844337e-01	3.588109e-01	3.655355e-01
CP021825.1	.	1377217	0	G	A	0.020	-1.231704e-01	4.328532e-01	-5.973357e+01	1.801929e+00	1.000000e+05	7.772354e-01	9.765056e-01	9.766304e-01
CP021825.1	.	1377263	2	G	C	0.213	-3.799606e-01	1.768337e-01	-5.693358e+01	6.718921e+00	1.000000e+05	3.684194e-02	1.795165e-02	2.590026e-02
CP021825.1	.	1377284	3	A	C	0.087	-1.135697e-01	2.483212e-01	-5.942533e+01	2.415344e+00	1.000000e+05	6.495266e-01	4.320301e-01	4.374071e-01
CP021825.1	.	1377293	1	G	C	0.146	2.699897e-01	1.974442e-01	-5.898837e+01	1.497547e+00	1.000000e+05	1.779968e-01	2.220177e-01	2.315901e-01
CP021825.1	.	1377296	0	T	C	0.184	3.346759e-01	1.773386e-01	-5.895327e+01	8.588141e-01	1.000000e+05	6.531597e-02	2.114483e-01	2.212394e-01
CP021825.1	.	1377315	0	G	C	0.102	1.367705e-01	2.239603e-01	-5.945320e+01	2.105098e+00	1.000000e+05	5.443464e-01	4.536111e-01	4.586253e-01
CP021825.1	.	1377395	0	C	T	0.061	-4.623803e-01	2.530928e-01	-5.804433e+01	2.213669e+00	1.000000e+05	7.406577e-02	6.601801e-02	7.715693e-02
CP021825.1	.	1377398	0	T	C	0.020	-6.844701e-01	4.694465e-01	-5.878216e+01	2.111905e+00	1.000000e+05	1.514807e-01	1.676649e-01	1.782989e-01
CP021825.1	.	1377584	2	A	G	0.106	1.653739e-01	2.271794e-01	-5.959904e+01	1.774875e+00	1.000000e+05	4.702590e-01	6.033731e-01	6.063060e-01
CP021825.1	.	1377602	1	C	T	0.125	-2.198296e-01	2.126280e-01	-5.894601e+01	2.618122e+00	1.000000e+05	3.064878e-01	2.093391e-01	2.191734e-01
CP021825.1	.	1377690	0	A	G	0.041	-7.152242e-01	3.392707e-01	-5.785323e+01	2.150666e+00	1.000000e+05	4.037997e-02	5.244397e-02	6.319751e-02
CP021825.1	.	1377704	1	A	T	0.500	-3.651760e-02	1.368644e-01	-5.960140e+01	2.186435e+00	1.000000e+05	7.907781e-01	6.065632e-01	6.094596e-01
CP021825.1	.	1377749	0	A	C	0.041	-8.925634e-02	3.110230e-01	-5.967553e+01	1.877352e+00	1.000000e+05	7.753916e-01	7.323555e-01	7.340326e-01
CP021825.1	.	1377794	0	G	C	0.082	-1.341721e-01	2.264875e-01	-5.933948e+01	2.060639e+00	1.000000e+05	5.564194e-01	3.743835e-01	3.808071e-01
CP021825.1	.	1377877	2	A	G	0.128	1.702181e-01	1.935892e-01	-5.954701e+01	1.836176e+00	1.000000e+05	3.837258e-01	5.408371e-01	5.445488e-01
CP021825.1	.	1732471	0	A	AT	0.061	5.599566e-01	2.874585e-01	-5.888337e+01	7.576321e-01	1.000000e+05	5.740645e-02	1.921212e-01	2.023001e-01
CP021825.1	.	1732500	1	G	A	0.083	2.043405e-01	2.577590e-01	-5.948029e+01	1.845350e+00	1.000000e+05	4.319023e-01	4.762531e-01	4.809040e-01
CP021825.1	.	1732515	1	T	G	0.292	9.415396e-02	1.679740e-01	-5.973232e+01	1.644413e+00	1.000000e+05	5.777824e-01	9.536545e-01	9.539017e-01
CP021825.1	.	1732521	0	G	T	0.224	7.312018e-02	1.802348e-01	-5.973371e+01	1.822406e+00	1.000000e+05	6.868085e-01	9.805047e-01	9.806082e-01
CP021825.1	.	1732545	3	A	G	0.304	5.674568e-02	1.735943e-01	-5.972793e+01	1.890157e+00	1.000000e+05	7.452049e-01	9.122337e-01	9.127084e-01
CP021825.1	.	1732551	1	T	C	0.312	7.961803e-02	1.701249e-01	-5.972372e+01	1.750493e+00	1.000000e+05	6.419494e-01	8.859297e-01	8.865548e-01
CP021825.1	.	1732566	2	C	A	0.404	-1.177488e-01	1.481928e-01	-5.933161e+01	2.376500e+00	1.000000e+05	4.308603e-01	3.696627e-01	3.761768e-01
CP021825.1	.	1732594	3	A	G	0.174	9.502474e-02	1.872536e-01	-5.966911e+01	1.920072e+00	1.000000e+05	6.142014e-01	7.186491e-01	7.204402e-01
CP021825.1	.	1904758	0	G	C	0.041	1.629069e-01	3.503182e-01	-5.972227e+01	1.833173e+00	1.000000e+05	6.440606e-01	8.782281e-01	8.788985e-01
CP021826.1	.	143947	0	AT	A	0.469	-1.817307e-01	1.341892e-01	-5.819863e+01	3.820219e+00	1.000000e+05	1.821204e-01	7.971253e-02	9.105174e-02
CP021826.1	.	148361	3	CA	C	0.022	-2.785364e-01	4.214478e-01	-5.966767e+01	1.617413e+00	1.000000e+05	5.119009e-01	7.156838e-01	7.175001e-01
CP021827.1	.	12013	3	A	AT	0.478	1.970184e-01	1.492208e-01	-5.910626e+01	1.694494e+00	1.000000e+05	1.931240e-01	2.625072e-01	2.712217e-01
CP021827.1	.	12058	0	A	AGGG	0.469	9.853010e-02	1.442966e-01	-5.967003e+01	1.796339e+00	1.000000e+05	4.980660e-01	7.205516e-01	7.223266e-01
CP021827.1	.	16476	4	AC	A	0.467	2.597442e-02	1.475676e-01	-5.973011e+01	2.030613e+00	1.000000e+05	8.610368e-01	9.296558e-01	9.300337e-01
CP021827.1	.	74787	2	A	G	0.043	1.222765e-01	3.418920e-01	-5.951747e+01	2.191293e+00	1.000000e+05	7.222089e-01	5.104884e-01	5.146237e-01
CP021827.1	.	74828	0	G	C	0.061	7.858432e-03	2.966277e-01	-5.971110e+01	2.093788e+00	1.000000e+05	9.789766e-01	8.305062e-01	8.314709e-01
CP021827.1	.	74859	1	GC	G	0.208	-6.590519e-02	1.646871e-01	-5.973108e+01	1.770730e+00	1.000000e+05	6.908339e-01	9.390123e-01	9.393389e-01
CP021827.1	.	74963	0	CG	C	0.163	-2.002006e-01	1.707972e-01	-5.904148e+01	2.184149e+00	1.000000e+05	2.470427e-01	2.392433e-01	2.484531e-01
CP021827.1	.	74986	3	G	C	0.043	-1.751415e-01	3.209330e-01	-5.970621e+01	1.792655e+00	1.000000e+05	5.878352e-01	8.136061e-01	8.146820e-01
CP021827.1	.	109668	0	C	G	0.082	-2.257539e-01	2.400495e-01	-5.938149e+01	1.815379e+00	1.000000e+05	3.517969e-01	4.010965e-01	4.070214e-01
CP021827.1	.	302275	3	A	AT	0.152	-9.277685e-02	1.914800e-01	-5.960821e+01	2.070834e+00	1.000000e+05	6.302638e-01	6.159557e-01	6.187464e-01
CP021827.1	.	322944	0	C	T	0.061	5.288197e-01	2.807593e-01	-5.886949e+01	7.998172e-01	1.000000e+05	6.582356e-02	1.885331e-01	1.987817e-01
CP021827.1	.	322957	0	T	C	0.082	3.854103e-02	2.391186e-01	-5.972042e+01	1.917519e+00	1.000000e+05	8.726428e-01	8.690556e-01	8.697805e-01
CP021827.1	.	352369	0	G	C	0.061	5.390264e-01	2.805122e-01	-5.843681e+01	1.118677e+00	1.000000e+05	6.073415e-02	1.072423e-01	1.186242e-01
CP021827.1	.	352549	0	C	T	0.163	-1.987054e-01	1.770737e-01	-5.890486e+01	2.592918e+00	1.000000e+05	2.674938e-01	1.978338e-01	2.079001e-01
CP021827.1	.	352609	0	G	A	0.122	-7.160263e-02	1.962285e-01	-5.957470e+01	2.118804e+00	1.000000e+05	7.168272e-01	5.724362e-01	5.757389e-01
CP021827.1	.	359548	0	C	A	0.224	4.631129e-02	1.832216e-01	-5.969778e+01	2.020695e+00	1.000000e+05	8.015551e-01	7.877980e-01	7.890522e-01
CP021827.1	.	359571	1	G	A	0.354	8.587328e-02	1.610364e-01	-5.946987e+01	2.361537e+00	1.000000e+05	5.963706e-01	4.673334e-01	4.721253e-01
CP021827.1	.	359578	0	G	T	0.388	-9.486252e-03	1.461432e-01	-5.972261e+01	2.113421e+00	1.000000e+05	9.485204e-01	8.799854e-01	8.806453e-01
CP021827.1	.	387590	0	C	G	0.020	-7.128646e-01	4.145211e-01	-5.845325e+01	1.981205e+00	1.000000e+05	9.206112e-02	1.094943e-01	1.208646e-01
CP021827.1	.	392984	0	ACC	A	0.020	1.150791e-01	4.622282e-01	-5.968703e+01	2.024667e+00	1.000000e+05	8.044719e-01	7.592063e-01	7.606713e-01
CP021827.1	.	399746	1	C	A	0.146	1.059777e-01	1.853012e-01	-5.940288e+01	2.130623e+00	1.000000e+05	5.701007e-01	4.157630e-01	4.214241e-01
CP021827.1	.	418234	0	T	G	0.020	-7.754653e-02	4.237011e-01	-5.969078e+01	1.860680e+00	1.000000e+05	8.555682e-01	7.687219e-01	7.701151e-01
CP021827.1	.	431565	0	G	C	0.041	-7.484327e-01	3.398150e-01	-5.700443e+01	2.791771e+00	1.000000e+05	3.257276e-02	1.946606e-02	2.764710e-02
CP021827.1	.	431583	1	T	C	0.062	-3.848564e-01	2.896324e-01	-5.816838e+01	4.357498e+00	1.000000e+05	1.903374e-01	7.680478e-02	8.811400e-02
CP021827.1	.	431631	3	C	A	0.065	-2.462881e-01	2.885161e-01	-5.916638e+01	2.524558e+00	1.000000e+05	3.976360e-01	2.866589e-01	2.948598e-01
CP021827.1	.	431663	3	G	A	0.348	-1.882158e-02	1.475341e-01	-5.972453e+01	2.017740e+00	1.000000e+05	8.990301e-01	8.904872e-01	8.910859e-01
CP021827.1	.	431703	0	C	G	0.408	1.218660e-02	1.428641e-01	-5.973274e+01	2.117416e+00	1.000000e+05	9.323836e-01	9.599088e-01	9.601224e-01
CP021827.1	.	431760	4	C	G	0.356	-2.448844e-01	1.442360e-01	-5.772107e+01	3.994587e+00	1.000000e+05	9.615752e-02	4.480739e-02	5.522818e-02
CP021827.1	.	431808	0	C	T	0.102	-2.224658e-01	2.141594e-01	-5.954774e+01	1.501415e+00	1.000000e+05	3.042190e-01	5.416228e-01	5.453239e-01
CP021827.1	.	431838	0	A	C	0.041	-1.365813e-01	3.314192e-01	-5.963895e+01	1.991187e+00	1.000000e+05	6.821320e-01	6.628270e-01	6.651276e-01
CP021827.1	.	431967	3	G	T	0.087	6.717072e-02	2.369175e-01	-5.966348e+01	2.076244e+00	1.000000e+05	7.780239e-01	7.072372e-01	7.091265e-01
CP021827.1	.	431968	4	C	T	0.044	-1.815669e-01	3.166809e-01	-5.971161e+01	1.713714e+00	1.000000e+05	5.691455e-01	8.323919e-01	8.333444e-01
CP021827.1	.	432981	0	C	A	0.020	-1.236004e+00	4.307555e-01	-5.559878e+01	2.766506e+00	1.000000e+05	6.144103e-03	4.029559e-03	8.243956e-03
CP021827.1	.	444780	0	C	A	0.041	3.712152e-01	3.168906e-01	-5.876845e+01	2.501374e+00	1.000000e+05	2.473305e-01	1.646370e-01	1.753235e-01
CP021827.1	.	452198	1	AG	A	0.125	1.348933e-01	1.935051e-01	-5.936559e+01	2.245836e+00	1.000000e+05	4.891712e-01	3.906764e-01	3.967931e-01
CP021827.1	.	471937	1	C	CT	0.271	6.079894e-03	1.619157e-01	-5.942532e+01	2.114317e+00	1.000000e+05	9.702057e-01	4.320238e-01	4.374009e-01
CP021827.1	.	551651	0	T	G	0.020	-3.300765e-01	4.165711e-01	-5.961010e+01	1.578612e+00	1.000000e+05	4.321291e-01	6.186238e-01	6.213849e-01
CP021827.1	.	554119	0	GA	G	0.429	1.526670e-01	1.340157e-01	-5.877367e+01	2.149900e+00	1.000000e+05	2.604041e-01	1.657816e-01	1.764484e-01
CP021827.1	.	556422	0	T	TC	0.143	-6.386668e-02	1.952152e-01	-5.955800e+01	2.169100e+00	1.000000e+05	7.449992e-01	5.529727e-01	5.565234e-01
CP021827.1	.	586523	0	G	C	0.449	3.956121e-01	1.268534e-01	-5.724933e+01	5.494842e-01	1.000000e+05	3.099517e-03	2.580024e-02	3.478591e-02
CP021827.1	.	586570	0	A	T	0.449	2.878498e-01	1.444626e-01	-5.729794e+01	4.614080e+00	1.000000e+05	5.213559e-02	2.729364e-02	3.643726e-02
CP021827.1	.	586637	0	A	G	0.327	9.329730e-02	1.518051e-01	-5.968052e+01	1.818363e+00	1.000000e+05	5.417921e-01	7.436093e-01	7.451958e-01
CP021827.1	.	586673	0	G	A	0.265	2.065899e-01	1.625804e-01	-5.937673e+01	1.463526e+00	1.000000e+05	2.100917e-01	3.979347e-01	4.039175e-01
CP021827.1	.	586713	0	C	CCAGATCGCAGTGCCGA	0.061	1.495059e-01	2.959808e-01	-5.969378e+01	1.946342e+00	1.000000e+05	6.158349e-01	7.766712e-01	7.780057e-01
CP021827.1	.	586790	1	G	A	0.062	-3.109932e-01	2.698391e-01	-5.894845e+01	2.105721e+00	1.000000e+05	2.549386e-01	2.100453e-01	2.198651e-01
CP021827.1	.	586819	1	A	G	0.062	-2.422881e-01	3.058466e-01	-5.960788e+01	2.022744e+00	1.000000e+05	4.322313e-01	6.154941e-01	6.182899e-01
CP021827.1	.	586831	0	G	A	0.041	-3.032928e-01	3.503567e-01	-5.943144e+01	2.074168e+00	1.000000e+05	3.910693e-01	4.366276e-01	4.419259e-01
CP021827.1	.	595041	0	G	A	0.020	6.075327e-01	4.179273e-01	-5.857969e+01	2.032652e+00	1.000000e+05	1.526802e-01	1.286573e-01	1.398649e-01
CP021827.1	.	595043	0	A	C	0.020	-3.920978e-01	4.413205e-01	-5.946664e+01	1.856896e+00	1.000000e+05	3.788153e-01	4.646211e-01	4.694564e-01
CP021827.1	.	596030	1	G	GGT	0.021	3.035504e-01	4.471049e-01	-5.942529e+01	2.110111e+00	1.000000e+05	5.005154e-01	4.320040e-01	4.373814e-01
CP021827.1	.	596707	0	C	CGCGT	0.367	-2.660893e-01	1.649129e-01	-5.813023e+01	3.102451e+00	1.000000e+05	1.133278e-01	7.329888e-02	8.456352e-02
CP021827.1	.	606298	1	T	G	0.021	3.492901e-01	4.636262e-01	-5.943832e+01	2.044416e+00	1.000000e+05	4.549748e-01	4.418906e-01	4.470998e-01
CP021827.1	.	639984	3	TTGC	T	0.109	1.378639e-01	2.393840e-01	-5.918389e+01	2.587402e+00	1.000000e+05	5.674229e-01	2.942164e-01	3.022578e-01
CP021827.1	.	640681	1	G	C	0.375	2.324269e-01	1.387499e-01	-5.828945e+01	2.196184e+00	1.000000e+05	1.005466e-01	8.917989e-02	1.005783e-01
CP021827.1	.	661801	4	G	C	0.378	1.220057e-01	1.414124e-01	-5.919328e+01	2.287148e+00	1.000000e+05	3.926477e-01	2.983708e-01	3.063248e-01
CP021827.1	.	661862	0	C	G	0.367	1.077131e-01	1.386440e-01	-5.905161e+01	2.660852e+00	1.000000e+05	4.411080e-01	2.427086e-01	2.518449e-01
CP021827.1	.	661985	1	A	G	0.188	2.202121e-02	1.659943e-01	-5.971447e+01	2.006159e+00	1.000000e+05	8.950267e-01	8.433169e-01	8.441999e-01
CP021827.1	.	662382	3	A	G	0.413	-1.676637e-01	1.385995e-01	-5.916544e+01	1.807908e+00	1.000000e+05	2.324440e-01	2.862598e-01	2.944692e-01
CP021827.1	.	662502	0	C	A	0.163	-5.468699e-02	1.798338e-01	-5.965711e+01	2.060384e+00	1.000000e+05	7.623960e-01	6.949332e-01	6.969316e-01
CP021827.1	.	662628	0	C	T	0.082	-4.293903e-02	2.564929e-01	-5.968251e+01	2.127957e+00	1.000000e+05	8.677671e-01	7.482686e-01	7.498182e-01
CP021827.1	.	663480	0	T	G	0.041	8.554604e-02	3.296022e-01	-5.968883e+01	2.000352e+00	1.000000e+05	7.963496e-01	7.637154e-01	7.651462e-01
CP021827.1	.	663639	0	T	C	0.041	-1.716464e-01	3.344771e-01	-5.970638e+01	1.878406e+00	1.000000e+05	6.102305e-01	8.141754e-01	8.152476e-01
CP021827.1	.	702429	0	AT	A	0.347	1.766787e-01	1.602897e-01	-5.944088e+01	1.412929e+00	1.000000e+05	2.759671e-01	4.438731e-01	4.490490e-01
CP021827.1	.	703232	0	AGC	A	0.020	6.370440e-01	4.565293e-01	-5.875032e+01	2.121328e+00	1.000000e+05	1.694518e-01	1.607275e-01	1.714802e-01
CP021827.1	.	704259	4	G	A	0.156	2.476521e-01	1.851932e-01	-5.817935e+01	2.874285e+00	1.000000e+05	1.875729e-01	7.784589e-02	8.916655e-02
CP021827.1	.	704277	0	G	A	0.082	2.223242e-01	2.351234e-01	-5.869415e+01	2.803324e+00	1.000000e+05	3.492070e-01	1.492677e-01	1.602028e-01
CP021827.1	.	704633	0	C	G	0.204	1.810400e-01	1.830363e-01	-5.918053e+01	1.982654e+00	1.000000e+05	3.276824e-01	2.927440e-01	3.008164e-01
CP021827.1	.	705509	1	C	T	0.229	1.797612e-01	1.654062e-01	-5.940202e+01	1.609556e+00	1.000000e+05	2.826738e-01	4.151624e-01	4.208341e-01
CP021827.1	.	707585	0	C	A	0.265	-7.547509e-02	1.608200e-01	-5.971088e+01	2.019227e+00	1.000000e+05	6.410150e-01	8.297247e-01	8.306945e-01
CP021827.1	.	707754	1	G	A	0.167	2.104163e-01	1.742890e-01	-5.962134e+01	1.279728e+00	1.000000e+05	2.333637e-01	6.350107e-01	6.375949e-01
CP021827.1	.	707844	4	A	C	0.444	7.789684e-02	1.435958e-01	-5.967259e+01	1.841334e+00	1.000000e+05	5.900560e-01	7.259862e-01	7.277158e-01
CP021827.1	.	708071	2	T	C	0.149	1.114549e-02	1.811652e-01	-5.967170e+01	1.920014e+00	1.000000e+05	9.512050e-01	7.240797e-01	7.258252e-01
CP021827.1	.	708380	1	T	G	0.208	9.773825e-02	1.656278e-01	-5.944539e+01	2.219458e+00	1.000000e+05	5.579452e-01	4.473990e-01	4.525160e-01
CP021827.1	.	708434	1	G	A	0.479	5.691092e-03	1.474245e-01	-5.968814e+01	2.164753e+00	1.000000e+05	9.693701e-01	7.619930e-01	7.634368e-01
CP021827.1	.	708442	1	G	A	0.479	-8.550516e-02	1.462255e-01	-5.918863e+01	2.584320e+00	1.000000e+05	5.615134e-01	2.963038e-01	3.043012e-01
CP021827.1	.	708476	1	T	C	0.333	-2.411863e-01	1.451177e-01	-5.819626e+01	2.646972e+00	1.000000e+05	1.031683e-01	7.948053e-02	9.081757e-02
CP021827.1	.	708524	3	T	A	0.109	-1.896532e-01	2.359299e-01	-5.963286e+01	1.904182e+00	1.000000e+05	4.255285e-01	6.528690e-01	6.552687e-01
CP021827.1	.	735678	0	T	A	0.020	2.453275e-01	4.213820e-01	-5.909919e+01	2.527274e+00	1.000000e+05	5.632163e-01	2.598353e-01	2.686068e-01
CP021827.1	.	735689	1	G	C	0.021	-2.747858e-01	4.158693e-01	-5.955921e+01	1.751392e+00	1.000000e+05	5.119982e-01	5.543403e-01	5.578733e-01
CP021827.1	.	770043	1	A	G	0.042	5.383486e-01	3.669702e-01	-5.898632e+01	1.536990e+00	1.000000e+05	1.490335e-01	2.213832e-01	2.309689e-01
CP021827.1	.	770137	3	C	T	0.413	2.559408e-01	1.432813e-01	-5.803912e+01	2.348823e+00	1.000000e+05	8.050530e-02	6.560164e-02	7.673187e-02
CP021827.1	.	773282	1	T	C	0.250	7.244584e-02	1.571274e-01	-5.958431e+01	2.055715e+00	1.000000e+05	6.468790e-01	5.842560e-01	5.874140e-01
CP021827.1	.	773324	2	C	T	0.191	1.976226e-02	1.820731e-01	-5.970926e+01	2.019824e+00	1.000000e+05	9.140292e-01	8.239410e-01	8.249484e-01
CP021827.1	.	773342	0	G	A	0.143	1.484785e-01	2.015851e-01	-5.965658e+01	1.679151e+00	1.000000e+05	4.650538e-01	6.939405e-01	6.959479e-01
CP021827.1	.	774022	0	A	T	0.061	-2.327296e-01	2.712997e-01	-5.946037e+01	1.960214e+00	1.000000e+05	3.953386e-01	4.594341e-01	4.643532e-01
CP021827.1	.	777791	0	T	G	0.061	1.257827e-02	3.240281e-01	-5.966060e+01	2.204576e+00	1.000000e+05	9.691995e-01	7.015899e-01	7.035288e-01
CP021827.1	.	778433	0	T	TC	0.061	1.880318e-02	2.949048e-01	-5.973399e+01	2.092935e+00	1.000000e+05	9.494316e-01	9.951086e-01	9.951345e-01
CP021827.1	.	778438	1	C	T	0.083	-5.836644e-02	2.769238e-01	-5.963046e+01	2.267315e+00	1.000000e+05	8.339801e-01	6.490547e-01	6.514931e-01
CP021827.1	.	778447	3	C	G	0.239	-1.277662e-01	1.701763e-01	-5.931127e+01	2.236021e+00	1.000000e+05	4.565234e-01	3.578364e-01	3.645801e-01
CP021827.1	.	778456	3	A	G	0.391	-1.295693e-01	1.632088e-01	-5.941251e+01	2.249716e+00	1.000000e+05	4.312514e-01	4.226300e-01	4.281700e-01
CP021827.1	.	778462	1	G	A	0.458	-9.947413e-02	1.582826e-01	-5.949582e+01	2.313971e+00	1.000000e+05	5.327455e-01	4.900731e-01	4.945111e-01
CP021827.1	.	778468	2	T	C	0.447	7.969747e-02	1.505355e-01	-5.950916e+01	2.288688e+00	1.000000e+05	5.990016e-01	5.024758e-01	5.067282e-01
CP021827.1	.	778492	0	G	A	0.184	-3.196436e-01	1.679813e-01	-5.769864e+01	2.211318e+00	1.000000e+05	6.319571e-02	4.363225e-02	5.399235e-02
CP021827.1	.	778502	4	A	G	0.200	-2.695661e-01	1.792258e-01	-5.854455e+01	2.056267e+00	1.000000e+05	1.392570e-01	1.229831e-01	1.342496e-01
CP021827.1	.	778510	4	G	C	0.289	-1.882339e-01	1.603511e-01	-5.912819e+01	2.185694e+00	1.000000e+05	2.463551e-01	2.710091e-01	2.795424e-01
CP021827.1	.	793546	0	G	A	0.082	-2.523855e-01	2.543875e-01	-5.916669e+01	2.188129e+00	1.000000e+05	3.262147e-01	2.867910e-01	2.949891e-01
CP021827.1	.	793560	0	C	G	0.163	-1.622859e-01	1.987810e-01	-5.966756e+01	1.826661e+00	1.000000e+05	4.183872e-01	7.154494e-01	7.172678e-01
CP021827.1	.	793567	1	G	C	0.167	-7.900071e-02	2.102487e-01	-5.972054e+01	2.138016e+00	1.000000e+05	7.087943e-01	8.696511e-01	8.703724e-01
CP021827.1	.	793579	2	A	G	0.149	-2.415631e-01	2.268873e-01	-5.917103e+01	2.426570e+00	1.000000e+05	2.924586e-01	2.886406e-01	2.967996e-01
CP021827.1	.	793591	3	C	G	0.152	-2.983425e-01	2.100984e-01	-5.888672e+01	2.179723e+00	1.000000e+05	1.622034e-01	1.929982e-01	2.031600e-01
CP021827.1	.	809071	0	C	T	0.020	4.686792e-01	4.024651e-01	-5.877447e+01	2.603916e+00	1.000000e+05	2.500898e-01	1.659581e-01	1.766218e-01
CP021827.1	.	958334	0	C	A	0.020	7.216806e-01	4.375387e-01	-5.834570e+01	2.106291e+00	1.000000e+05	1.057325e-01	9.565052e-02	1.070602e-01
CP021827.1	.	958352	2	G	GC	0.170	-1.256867e-01	1.816962e-01	-5.961831e+01	1.690921e+00	1.000000e+05	4.925032e-01	6.304921e-01	6.331243e-01
CP021827.1	.	962653	1	T	C	0.042	5.589291e-01	3.383256e-01	-5.770694e+01	5.107602e+00	1.000000e+05	1.051917e-01	4.406311e-02	5.444578e-02
CP021827.1	.	962660	0	T	C	0.041	3.933811e-01	3.398492e-01	-5.860868e+01	2.882600e+00	1.000000e+05	2.529101e-01	1.335581e-01	1.447086e-01
CP021827.1	.	962668	0	A	C	0.122	1.839497e-01	2.170185e-01	-5.948658e+01	2.050890e+00	1.000000e+05	4.009443e-01	4.817715e-01	4.863366e-01
CP021827.1	.	962673	0	T	C	0.143	-2.953903e-03	2.004469e-01	-5.970928e+01	2.098833e+00	1.000000e+05	9.883047e-01	8.240160e-01	8.250230e-01
CP021827.1	.	962686	0	C	A	0.388	2.103450e-02	1.451981e-01	-5.973389e+01	2.067840e+00	1.000000e+05	8.854348e-01	9.875619e-01	9.876279e-01
CP021827.1	.	1009532	0	AT	A	0.102	5.397264e-02	2.242607e-01	-5.972896e+01	1.954175e+00	1.000000e+05	8.108583e-01	9.199472e-01	9.203788e-01
CP021827.1	.	1009548	0	G	A	0.041	4.768246e-01	3.351893e-01	-5.921495e+01	1.196120e+00	1.000000e+05	1.614692e-01	3.082601e-01	3.160074e-01
CP021827.1	.	1009563	0	T	C	0.061	-2.219624e-02	2.855556e-01	-5.967809e+01	2.094746e+00	1.000000e+05	9.383728e-01	7.380733e-01	7.397040e-01
CP021827.1	.	1009630	0	T	G	0.061	5.017864e-01	2.502562e-01	-5.775776e+01	1.920589e+00	1.000000e+05	5.073146e-02	4.680187e-02	5.731947e-02
CP021827.1	.	1010097	2	T	C	0.489	-5.115002e-02	1.419384e-01	-5.962199e+01	2.138116e+00	1.000000e+05	7.201867e-01	6.359875e-01	6.385613e-01
CP021827.1	.	1010789	3	T	C	0.326	2.050159e-02	1.521667e-01	-5.964551e+01	2.031523e+00	1.000000e+05	8.933998e-01	6.739678e-01	6.761606e-01
CP021827.1	.	1010932	2	C	T	0.383	-6.596767e-03	1.429952e-01	-5.971191e+01	2.097362e+00	1.000000e+05	9.633999e-01	8.334996e-01	8.344451e-01
CP021827.1	.	1011310	1	C	T	0.188	3.029860e-01	1.689138e-01	-5.778554e+01	2.525625e+00	1.000000e+05	7.929075e-02	4.837406e-02	5.896280e-02
CP021827.1	.	1011356	0	A	G	0.184	2.125425e-01	1.756645e-01	-5.930176e+01	1.646518e+00	1.000000e+05	2.323545e-01	3.524821e-01	3.593311e-01
CP021827.1	.	1013618	0	C	G	0.367	2.326656e-01	1.451706e-01	-5.794589e+01	3.040110e+00	1.000000e+05	1.157001e-01	5.861176e-02	6.956842e-02
CP021827.1	.	1014176	0	G	A	0.102	1.784176e-01	2.158489e-01	-5.919517e+01	2.178288e+00	1.000000e+05	4.126486e-01	2.992192e-01	3.071554e-01
CP021827.1	.	1014317	1	T	C	0.438	2.820166e-01	1.315585e-01	-5.849445e+01	9.696407e-01	1.000000e+05	3.726514e-02	1.153668e-01	1.266988e-01
CP021827.1	.	1014371	0	T	C	0.367	-4.743833e-02	1.435462e-01	-5.973374e+01	1.984204e+00	1.000000e+05	7.425104e-01	9.815059e-01	9.816041e-01
CP021827.1	.	1014386	2	C	A	0.255	1.571801e-01	1.633452e-01	-5.902926e+01	2.605641e+00	1.000000e+05	3.408450e-01	2.351392e-01	2.444359e-01
CP021827.1	.	1014455	2	T	C	0.362	-5.666635e-02	1.447114e-01	-5.943104e+01	2.208541e+00	1.000000e+05	6.971370e-01	4.363240e-01	4.416275e-01
CP021827.1	.	1014461	0	A	G	0.286	-9.010872e-02	1.503197e-01	-5.946607e+01	2.074941e+00	1.000000e+05	5.517536e-01	4.641468e-01	4.689897e-01
CP021827.1	.	1084966	2	G	A	0.383	-6.051724e-02	1.388391e-01	-5.945011e+01	2.361438e+00	1.000000e+05	6.649190e-01	4.511327e-01	4.561878e-01
CP021827.1	.	1133218	2	G	T	0.021	3.791310e-01	4.134523e-01	-5.913019e+01	2.208388e+00	1.000000e+05	3.638302e-01	2.718018e-01	2.803182e-01
CP021827.1	.	1173412	0	C	CGT	0.041	-1.408122e-03	3.600254e-01	-5.972359e+01	2.160838e+00	1.000000e+05	9.968959e-01	8.852462e-01	8.858754e-01
CP021827.1	.	1173420	1	C	G	0.062	3.198792e-02	2.895412e-01	-5.973401e+01	2.074367e+00	1.000000e+05	9.125008e-01	9.987012e-01	9.987081e-01
CP021827.1	.	1173432	2	G	A	0.064	-9.551728e-02	3.085609e-01	-5.953783e+01	2.361559e+00	1.000000e+05	7.582659e-01	5.310684e-01	5.349130e-01
CP021827.1	.	1173452	3	G	C	0.109	-3.610356e-02	2.434304e-01	-5.971569e+01	2.159064e+00	1.000000e+05	8.827313e-01	8.482170e-01	8.490693e-01
CP021827.1	.	1189635	4	C	G	0.467	5.076744e-02	1.396217e-01	-5.973296e+01	1.827014e+00	1.000000e+05	7.177819e-01	9.635018e-01	9.636961e-01
CP021827.1	.	1199494	0	A	C	0.122	-3.635920e-02	2.089831e-01	-5.954522e+01	2.204739e+00	1.000000e+05	8.626272e-01	5.389072e-01	5.426449e-01
CP021827.1	.	1199501	0	T	C	0.102	1.734681e-01	2.287514e-01	-5.968582e+01	1.736256e+00	1.000000e+05	4.520418e-01	7.562230e-01	7.577109e-01
CP021827.1	.	1199524	0	T	G	0.082	-2.762656e-01	2.433664e-01	-5.866193e+01	2.683996e+00	1.000000e+05	2.620543e-01	1.431146e-01	1.541394e-01
CP021827.1	.	1199746	0	GAA	G	0.163	9.694393e-02	1.919765e-01	-5.958041e+01	1.504984e+00	1.000000e+05	6.159339e-01	5.794023e-01	5.826192e-01
CP021827.1	.	1200993	0	A	C	0.204	1.498740e-01	1.812985e-01	-5.938230e+01	2.046140e+00	1.000000e+05	4.126015e-01	4.016399e-01	4.075549e-01
CP021827.1	.	1201056	0	G	T	0.224	2.093933e-01	1.734063e-01	-5.897609e+01	2.037964e+00	1.000000e+05	2.332696e-01	2.182515e-01	2.279022e-01
CP021827.1	.	1201085	1	A	G	0.104	-1.486623e-01	2.428472e-01	-5.910844e+01	2.904211e+00	1.000000e+05	5.433796e-01	2.633355e-01	2.720324e-01
CP021827.1	.	1201804	0	C	G	0.041	-6.183824e-02	3.361843e-01	-5.968669e+01	2.082462e+00	1.000000e+05	8.548507e-01	7.583718e-01	7.598432e-01
CP021827.1	.	1202172	1	A	G	0.500	-5.613057e-02	1.413613e-01	-5.971445e+01	1.951357e+00	1.000000e+05	6.931120e-01	8.432293e-01	8.441129e-01
CP021827.1	.	1202352	3	A	G	0.391	-3.230815e-01	1.369223e-01	-5.742207e+01	1.706735e+00	1.000000e+05	2.250006e-02	3.152999e-02	4.107025e-02
CP021827.1	.	1202379	4	G	A	0.200	3.480683e-02	1.758011e-01	-5.967444e+01	2.103401e+00	1.000000e+05	8.439069e-01	7.299661e-01	7.316628e-01
CP021827.1	.	1202439	1	A	G	0.354	-1.703326e-01	1.429735e-01	-5.951649e+01	1.533292e+00	1.000000e+05	2.394946e-01	5.095307e-01	5.136799e-01
CP021827.1	.	1202965	2	T	C	0.277	9.260987e-02	1.581065e-01	-5.966418e+01	1.910940e+00	1.000000e+05	5.608502e-01	7.086269e-01	7.105040e-01
CP021827.1	.	1236030	1	C	A	0.396	7.698323e-02	1.395398e-01	-5.957915e+01	2.049985e+00	1.000000e+05	5.837718e-01	5.778536e-01	5.810894e-01
CP021827.1	.	1236099	1	C	G	0.375	1.694620e-01	1.402763e-01	-5.880955e+01	2.215886e+00	1.000000e+05	2.330682e-01	1.739097e-01	1.844325e-01
CP021827.1	.	1236257	2	C	T	0.170	2.099464e-02	1.855674e-01	-5.966613e+01	1.998487e+00	1.000000e+05	9.104034e-01	7.125294e-01	7.143728e-01
CP021827.1	.	1236319	1	C	G	0.083	2.031104e-01	2.394190e-01	-5.939443e+01	1.964059e+00	1.000000e+05	4.005446e-01	4.098756e-01	4.156418e-01
CP021827.1	.	1236609	3	C	G	0.109	-2.503328e-02	2.174599e-01	-5.965689e+01	2.083304e+00	1.000000e+05	9.088430e-01	6.945201e-01	6.965223e-01
CP021827.1	.	1236666	0	C	G	0.061	2.734468e-01	3.107136e-01	-5.962566e+01	1.619620e+00	1.000000e+05	3.833044e-01	6.415723e-01	6.440876e-01
CP021827.1	.	1236699	0	G	A	0.143	2.072109e-01	1.967153e-01	-5.954346e+01	1.458692e+00	1.000000e+05	2.975638e-01	5.370137e-01	5.407770e-01
CP021827.1	.	1236845	4	G	A	0.444	2.301398e-01	1.348884e-01	-5.810581e+01	2.332695e+00	1.000000e+05	9.458102e-02	7.114544e-02	8.237780e-02
CP021827.1	.	1236872	1	G	C	0.375	1.765048e-01	1.438429e-01	-5.931916e+01	1.752536e+00	1.000000e+05	2.259089e-01	3.623627e-01	3.690180e-01
CP021827.1	.	1237036	3	G	C	0.326	-5.066162e-02	1.463317e-01	-5.968886e+01	2.012607e+00	1.000000e+05	7.307294e-01	7.638069e-01	7.652369e-01
CP021827.1	.	1237194	1	C	A	0.375	-1.890963e-01	1.404647e-01	-5.859315e+01	2.748514e+00	1.000000e+05	1.846891e-01	1.309069e-01	1.420890e-01
CP021827.1	.	1237501	1	T	G	0.104	-2.380792e-01	2.154554e-01	-5.874319e+01	2.634191e+00	1.000000e+05	2.747825e-01	1.592183e-01	1.699961e-01
CP021827.1	.	1238223	0	A	G	0.061	3.128977e-01	2.939039e-01	-5.960276e+01	1.395902e+00	1.000000e+05	2.924843e-01	6.084066e-01	6.112821e-01
CP021827.1	.	1238263	1	C	A	0.042	5.089152e-01	3.539900e-01	-5.893353e+01	1.408422e+00	1.000000e+05	1.571572e-01	2.057676e-01	2.156746e-01
CP021827.1	.	1238283	2	G	C	0.085	7.143594e-02	2.703691e-01	-5.972422e+01	1.998844e+00	1.000000e+05	7.927684e-01	8.887200e-01	8.893289e-01
CP021827.1	.	1238301	3	A	G	0.109	1.252012e-01	2.311423e-01	-5.973339e+01	1.685437e+00	1.000000e+05	5.906094e-01	9.720501e-01	9.721986e-01
CP021827.1	.	1238313	0	T	G	0.204	1.081409e-02	1.897089e-01	-5.972725e+01	2.217116e+00	1.000000e+05	9.547840e-01	9.074813e-01	9.079828e-01
CP021827.1	.	1238319	1	T	C	0.250	2.983559e-02	1.755508e-01	-5.973251e+01	2.144266e+00	1.000000e+05	8.657757e-01	9.563348e-01	9.565675e-01
CP021827.1	.	1238322	0	C	A	0.204	-9.558517e-03	1.799054e-01	-5.973094e+01	2.173869e+00	1.000000e+05	9.578529e-01	9.375906e-01	9.379249e-01
CP021827.1	.	1238349	0	G	C	0.367	8.220454e-02	1.461473e-01	-5.952522e+01	2.137846e+00	1.000000e+05	5.764639e-01	5.181545e-01	5.221798e-01
CP021827.1	.	1238355	3	G	C	0.283	5.076939e-02	1.608832e-01	-5.971450e+01	2.013764e+00	1.000000e+05	7.537284e-01	8.434161e-01	8.442985e-01
CP021827.1	.	1238379	0	T	C	0.082	-4.495384e-02	2.712862e-01	-5.970727e+01	2.205763e+00	1.000000e+05	8.690988e-01	8.171362e-01	8.181886e-01
CP021827.1	.	1238395	3	G	C	0.065	-4.524968e-02	2.985229e-01	-5.967953e+01	2.181262e+00	1.000000e+05	8.801681e-01	7.413444e-01	7.429489e-01
CP021827.1	.	1238403	3	G	C	0.174	2.398394e-02	2.000315e-01	-5.971747e+01	2.190000e+00	1.000000e+05	9.050728e-01	8.557044e-01	8.565104e-01
CP021827.1	.	1238424	1	C	T	0.146	3.800981e-02	2.089599e-01	-5.972948e+01	2.173102e+00	1.000000e+05	8.564434e-01	9.241824e-01	9.245905e-01
CP021827.1	.	1238425	2	A	C	0.128	2.780722e-02	2.163955e-01	-5.972769e+01	2.129030e+00	1.000000e+05	8.983001e-01	9.104715e-01	9.109561e-01
CP021827.1	.	1238532	1	C	A	0.438	-3.959092e-02	1.399466e-01	-5.973277e+01	1.956936e+00	1.000000e+05	7.784955e-01	9.602670e-01	9.604786e-01
CP021827.1	.	1238748	3	C	A	0.065	1.444973e-01	2.701042e-01	-5.932669e+01	2.275409e+00	1.000000e+05	5.951936e-01	3.667545e-01	3.733246e-01
CP021827.1	.	1238771	0	CGG	C	0.306	-3.898240e-01	1.406568e-01	-5.569090e+01	3.154987e+00	1.000000e+05	7.971038e-03	4.460332e-03	8.880497e-03
CP021827.1	.	1238774	2	CAG	C	0.447	2.200432e-01	1.347271e-01	-5.845990e+01	2.038722e+00	1.000000e+05	1.090984e-01	1.104189e-01	1.217840e-01
CP021827.1	.	1238784	2	T	C	0.213	-2.839897e-01	1.704220e-01	-5.804084e+01	2.650862e+00	1.000000e+05	1.022873e-01	6.573930e-02	7.687242e-02
CP021827.1	.	1238814	4	G	T	0.133	-1.937650e-01	2.057475e-01	-5.879227e+01	2.620459e+00	1.000000e+05	3.511306e-01	1.699388e-01	1.805328e-01
CP021827.1	.	1251680	0	A	G	0.122	7.619289e-02	2.046154e-01	-5.972862e+01	1.817254e+00	1.000000e+05	7.112903e-01	9.173628e-01	9.178088e-01
CP021827.1	.	1251716	0	A	G	0.102	-2.339877e-01	2.284891e-01	-5.941695e+01	2.128304e+00	1.000000e+05	3.110466e-01	4.258464e-01	4.313303e-01
CP021827.1	.	1251722	0	A	G	0.163	1.160995e-02	1.888868e-01	-5.961893e+01	2.122886e+00	1.000000e+05	9.512494e-01	6.314036e-01	6.340261e-01
CP021827.1	.	1251737	1	A	G	0.083	-2.744662e-01	2.509362e-01	-5.930224e+01	2.060438e+00	1.000000e+05	2.796307e-01	3.527510e-01	3.595946e-01
CP021827.1	.	1251743	1	G	A	0.062	1.176986e-01	2.883594e-01	-5.944359e+01	2.235498e+00	1.000000e+05	6.850051e-01	4.459832e-01	4.511238e-01
CP021827.1	.	1251808	2	C	T	0.447	2.515057e-01	1.327074e-01	-5.759908e+01	3.222265e+00	1.000000e+05	6.422707e-02	3.879436e-02	4.887298e-02
CP021827.1	.	1251859	2	G	C	0.128	3.745200e-01	2.098908e-01	-5.772499e+01	3.145969e+00	1.000000e+05	8.082176e-02	4.501634e-02	5.544763e-02
CP021827.1	.	1272656	0	A	C	0.082	2.553030e-01	2.584049e-01	-5.937825e+01	1.902684e+00	1.000000e+05	3.282138e-01	3.989401e-01	4.049044e-01
CP021828.1	.	162459	4	AAAGT	A	0.289	1.146130e-02	1.790946e-01	-5.973119e+01	2.163047e+00	1.000000e+05	9.492450e-01	9.402111e-01	9.405312e-01
CP021828.1	.	164965	0	C	CCG	0.306	1.762973e-01	1.524416e-01	-5.906137e+01	2.155422e+00	1.000000e+05	2.533250e-01	2.461053e-01	2.551694e-01
CP021828.1	.	168101	0	G	GT	0.020	2.460032e-01	4.480547e-01	-5.972809e+01	1.717544e+00	1.000000e+05	5.855722e-01	9.133548e-01	9.138232e-01
CP021828.1	.	189160	2	A	G	0.021	3.975498e-01	4.813383e-01	-5.964858e+01	1.549368e+00	1.000000e+05	4.130191e-01	6.793553e-01	6.814972e-01
CP021828.1	.	195354	0	G	GCA	0.041	1.542089e-01	3.627462e-01	-5.973033e+01	1.926179e+00	1.000000e+05	6.726928e-01	9.316923e-01	9.320590e-01
CP021828.1	.	195381	0	A	G	0.020	-4.692204e-02	4.791427e-01	-5.972575e+01	2.098220e+00	1.000000e+05	9.224050e-01	8.977631e-01	8.983199e-01
CP021828.1	.	220772	1	C	CTT	0.062	6.647910e-03	2.871314e-01	-5.971871e+01	2.062635e+00	1.000000e+05	9.816264e-01	8.611548e-01	8.619274e-01
CP021828.1	.	225129	0	T	C	0.020	-3.022733e-01	5.179146e-01	-5.931809e+01	2.563071e+00	1.000000e+05	5.622562e-01	3.617450e-01	3.684123e-01
CP021828.1	.	225887	0	A	T	0.020	-8.756234e-02	4.217282e-01	-5.972296e+01	1.808781e+00	1.000000e+05	8.364169e-01	8.818159e-01	8.824651e-01
CP021828.1	.	225895	3	C	A	0.022	-4.991593e-02	4.081090e-01	-5.972889e+01	1.728516e+00	1.000000e+05	9.031748e-01	9.194371e-01	9.198715e-01
CP021828.1	.	225933	0	G	GGC	0.082	1.052564e-01	2.577672e-01	-5.969817e+01	1.981272e+00	1.000000e+05	6.848794e-01	7.889105e-01	7.901568e-01
CP021828.1	.	227899	0	A	C	0.020	-5.676291e-01	4.271609e-01	-5.809009e+01	4.511946e+00	1.000000e+05	1.903158e-01	6.979507e-02	8.100516e-02
CP021828.1	.	227901	0	G	T	0.041	-1.089697e-01	3.170773e-01	-5.970151e+01	1.868614e+00	1.000000e+05	7.326277e-01	7.987782e-01	7.999553e-01
CP021828.1	.	245493	0	GGC	G	0.041	-2.088233e-01	3.215246e-01	-5.973292e+01	1.516434e+00	1.000000e+05	5.191908e-01	9.627851e-01	9.629832e-01
CP021828.1	.	245841	1	GT	G	0.375	-1.372051e-01	1.504352e-01	-5.915259e+01	2.201520e+00	1.000000e+05	3.663946e-01	2.808785e-01	2.892019e-01
CP021828.1	.	247174	1	T	C	0.104	-1.709179e-01	2.034018e-01	-5.905251e+01	2.336136e+00	1.000000e+05	4.049964e-01	2.430176e-01	2.521473e-01
CP021828.1	.	247211	0	T	G	0.367	-1.581618e-01	1.440506e-01	-5.905372e+01	2.128935e+00	1.000000e+05	2.778152e-01	2.434373e-01	2.525581e-01
CP021828.1	.	247240	0	C	CT	0.449	-6.750947e-02	1.474304e-01	-5.973383e+01	1.935742e+00	1.000000e+05	6.491289e-01	9.851361e-01	9.852150e-01
CP021828.1	.	247256	0	T	C	0.429	1.207392e-01	1.491615e-01	-5.904089e+01	2.747879e+00	1.000000e+05	4.223341e-01	2.390418e-01	2.482559e-01
CP021828.1	.	247264	0	G	T	0.020	-7.508798e-02	4.650900e-01	-5.968033e+01	2.088217e+00	1.000000e+05	8.724324e-01	7.431643e-01	7.447542e-01
CP021828.1	.	247278	0	A	C	0.020	2.833396e-01	4.508156e-01	-5.937705e+01	2.204975e+00	1.000000e+05	5.327161e-01	3.981495e-01	4.041283e-01
CP021828.1	.	249146	0	ATT	A	0.347	-1.809881e-01	1.387196e-01	-5.945952e+01	1.393723e+00	1.000000e+05	1.983460e-01	4.587392e-01	4.636696e-01
CP021828.1	.	256680	3	CG	C	0.283	-6.022443e-02	1.643435e-01	-5.945098e+01	2.386096e+00	1.000000e+05	7.156704e-01	4.518274e-01	4.568710e-01
CP021828.1	.	267152	0	CG	C	0.082	8.113595e-02	2.595513e-01	-5.972922e+01	1.904316e+00	1.000000e+05	7.559668e-01	9.220251e-01	9.224452e-01
CP021828.1	.	267473	2	C	T	0.085	2.219584e-01	2.452719e-01	-5.960285e+01	1.516741e+00	1.000000e+05	3.701083e-01	6.085382e-01	6.114122e-01
CP021828.1	.	267491	0	C	G	0.041	3.752178e-02	3.111411e-01	-5.973388e+01	1.896575e+00	1.000000e+05	9.045266e-01	9.871469e-01	9.872151e-01
CP021828.1	.	267541	3	G	GGT	0.435	-8.364714e-02	1.487499e-01	-5.968977e+01	1.782352e+00	1.000000e+05	5.765607e-01	7.661350e-01	7.675476e-01
CP021828.1	.	267546	3	C	CG	0.413	-3.493702e-02	1.528563e-01	-5.973246e+01	1.976530e+00	1.000000e+05	8.202015e-01	9.556576e-01	9.558940e-01
CP021828.1	.	268239	0	C	CGA	0.367	2.294885e-01	1.400307e-01	-5.830911e+01	2.133841e+00	1.000000e+05	1.079235e-01	9.138596e-02	1.027906e-01
CP021828.1	.	272788	0	A	AC	0.061	8.992612e-02	2.519689e-01	-5.948620e+01	2.079426e+00	1.000000e+05	7.227688e-01	4.814330e-01	4.860033e-01
CP021828.1	.	278508	0	G	GT	0.020	-6.722011e-01	4.007955e-01	-5.785701e+01	2.100875e+00	1.000000e+05	1.001493e-01	5.268171e-02	6.344406e-02
CP021828.1	.	281319	0	C	A	0.082	-1.888594e-01	2.228480e-01	-5.948448e+01	1.775091e+00	1.000000e+05	4.010223e-01	4.799135e-01	4.845074e-01
CP021828.1	.	284748	0	T	G	0.204	-3.248059e-02	1.855385e-01	-5.973399e+01	2.138985e+00	1.000000e+05	8.617835e-01	9.950240e-01	9.950504e-01
CP021828.1	.	284766	1	C	A	0.292	-2.125986e-01	1.620490e-01	-5.915063e+01	1.924456e+00	1.000000e+05	1.959124e-01	2.800688e-01	2.884094e-01
CP021828.1	.	284773	1	T	C	0.354	-1.709534e-01	1.603916e-01	-5.919680e+01	2.398036e+00	1.000000e+05	2.919364e-01	2.999484e-01	3.078693e-01
CP021828.1	.	284794	1	A	G	0.354	-1.049657e-01	1.573646e-01	-5.963285e+01	2.118180e+00	1.000000e+05	5.080195e-01	6.528608e-01	6.552606e-01
CP021828.1	.	284848	0	T	C	0.061	1.387967e-01	2.989261e-01	-5.948937e+01	2.225610e+00	1.000000e+05	6.445638e-01	4.842533e-01	4.887801e-01
CP021828.1	.	284860	0	G	A	0.020	5.459924e-02	4.686315e-01	-5.972705e+01	2.026230e+00	1.000000e+05	9.077465e-01	9.060936e-01	9.066030e-01
CP021828.1	.	285106	0	C	G	0.204	1.584996e-01	1.743824e-01	-5.957407e+01	1.640667e+00	1.000000e+05	3.680301e-01	5.716884e-01	5.750005e-01
CP021828.1	.	285187	0	G	C	0.041	-3.181805e-01	3.323385e-01	-5.904558e+01	2.300491e+00	1.000000e+05	3.432651e-01	2.406372e-01	2.498175e-01
CP021828.1	.	285282	2	C	T	0.043	6.317995e-01	3.327990e-01	-5.926859e+01	7.600856e-01	1.000000e+05	6.378758e-02	3.346479e-01	3.418534e-01
CP021828.1	.	285298	2	A	G	0.064	6.359999e-01	2.673853e-01	-5.874172e+01	6.310924e-01	1.000000e+05	2.149445e-02	1.589090e-01	1.696918e-01
CP021828.1	.	285301	3	A	G	0.087	3.258571e-01	2.335225e-01	-5.936675e+01	1.244029e+00	1.000000e+05	1.694541e-01	3.914211e-01	3.975240e-01
CP021828.1	.	288053	1	GCC	G	0.167	3.345564e-01	1.865141e-01	-5.861514e+01	1.532029e+00	1.000000e+05	7.929071e-02	1.346786e-01	1.458153e-01
CP021828.1	.	288056	1	A	C	0.146	4.211419e-01	2.044384e-01	-5.784405e+01	1.782323e+00	1.000000e+05	4.496032e-02	5.187103e-02	6.260296e-02
CP021828.1	.	288081	1	CGCGAGT	C	0.062	3.979152e-01	2.901503e-01	-5.896746e+01	1.579427e+00	1.000000e+05	1.767592e-01	2.156494e-01	2.253541e-01
CP021828.1	.	291191	0	C	CG	0.449	3.656578e-02	1.619261e-01	-5.952173e+01	1.882042e+00	1.000000e+05	8.223223e-01	5.146769e-01	5.187519e-01
CP021828.1	.	292665	2	TA	T	0.447	-1.620314e-01	1.475094e-01	-5.904240e+01	2.431401e+00	1.000000e+05	2.776044e-01	2.395559e-01	2.487591e-01
CP021828.1	.	296579	3	T	TC	0.065	3.603376e-01	2.603836e-01	-5.904901e+01	1.792045e+00	1.000000e+05	1.729347e-01	2.418136e-01	2.509689e-01
CP021828.1	.	297100	0	A	T	0.041	-3.007038e-01	3.176726e-01	-5.911470e+01	2.028956e+00	1.000000e+05	3.486924e-01	2.657364e-01	2.743820e-01
CP021828.1	.	297103	0	A	T	0.020	-1.074134e-01	4.586283e-01	-5.946891e+01	2.151105e+00	1.000000e+05	8.158424e-01	4.665245e-01	4.713293e-01
CP021828.1	.	297736	0	A	G	0.184	5.372018e-03	1.781431e-01	-5.972614e+01	2.103032e+00	1.000000e+05	9.760706e-01	9.001980e-01	9.007408e-01
CP021828.1	.	297754	2	A	G	0.085	2.298981e-01	2.356638e-01	-5.922233e+01	2.214379e+00	1.000000e+05	3.342898e-01	3.117234e-01	3.193987e-01
CP021828.1	.	297802	1	G	A	0.021	-1.142008e-02	4.810986e-01	-5.967419e+01	2.032617e+00	1.000000e+05	9.811625e-01	7.294368e-01	7.311378e-01
CP021828.1	.	298110	0	G	C	0.224	5.067393e-03	1.594383e-01	-5.973397e+01	2.044969e+00	1.000000e+05	9.747799e-01	9.929139e-01	9.929515e-01
CP021828.1	.	298986	0	T	C	0.020	-6.352190e-01	4.276570e-01	-5.853655e+01	2.197379e+00	1.000000e+05	1.441289e-01	1.217301e-01	1.330085e-01
CP021828.1	.	299051	2	C	T	0.043	4.939080e-01	3.355233e-01	-5.916452e+01	1.176416e+00	1.000000e+05	1.476716e-01	2.858684e-01	2.940861e-01
CP021828.1	.	300818	2	A	G	0.340	-1.338939e-01	1.412925e-01	-5.938732e+01	1.913022e+00	1.000000e+05	3.481617e-01	4.050210e-01	4.108746e-01
CP021828.1	.	301039	4	A	C	0.044	3.068642e-01	3.448606e-01	-5.921132e+01	2.203281e+00	1.000000e+05	3.780941e-01	3.065737e-01	3.143561e-01
CP021828.1	.	301132	0	T	C	0.449	2.535832e-02	1.380053e-01	-5.966227e+01	1.919276e+00	1.000000e+05	8.550009e-01	7.048412e-01	7.067514e-01
CP021828.1	.	301231	0	G	A	0.184	2.539507e-02	1.798568e-01	-5.973099e+01	2.022144e+00	1.000000e+05	8.883185e-01	9.380969e-01	9.384285e-01
CP021828.1	.	301273	3	C	T	0.087	-2.995748e-03	2.691511e-01	-5.973184e+01	2.131756e+00	1.000000e+05	9.911666e-01	9.474854e-01	9.477660e-01
CP021828.1	.	301297	0	A	G	0.061	-1.052193e-01	3.072827e-01	-5.960433e+01	2.269546e+00	1.000000e+05	7.335624e-01	6.105670e-01	6.134180e-01
CP021828.1	.	301548	0	C	T	0.102	1.088076e-01	2.208587e-01	-5.957105e+01	2.153263e+00	1.000000e+05	6.245485e-01	5.680711e-01	5.714284e-01
CP021828.1	.	301581	0	T	C	0.102	6.333526e-02	2.307492e-01	-5.972927e+01	2.007669e+00	1.000000e+05	7.849213e-01	9.224641e-01	9.228817e-01
CP021828.1	.	302464	0	G	T	0.061	-1.075514e-01	2.538091e-01	-5.961022e+01	1.892870e+00	1.000000e+05	6.736817e-01	6.187834e-01	6.215428e-01
CP021828.1	.	360934	0	T	C	0.020	-6.267747e-02	5.250391e-01	-5.973177e+01	2.166905e+00	1.000000e+05	9.054857e-01	9.467051e-01	9.469899e-01
CP021828.1	.	364930	2	A	G	0.043	-1.327607e-01	3.273736e-01	-5.955813e+01	2.032283e+00	1.000000e+05	6.869261e-01	5.531208e-01	5.566696e-01
CP021828.1	.	364939	1	G	A	0.083	5.114219e-02	2.305317e-01	-5.972541e+01	1.944279e+00	1.000000e+05	8.253960e-01	8.956568e-01	8.962257e-01
CP021828.1	.	365005	0	G	A	0.020	-1.799001e-01	4.360686e-01	-5.943504e+01	1.990567e+00	1.000000e+05	6.818123e-01	4.393658e-01	4.446176e-01
CP021828.1	.	365016	1	C	G	0.042	-2.358601e-01	3.100043e-01	-5.940527e+01	1.769809e+00	1.000000e+05	4.505600e-01	4.174551e-01	4.230862e-01
CP021828.1	.	365134	0	T	G	0.061	4.128742e-01	2.618528e-01	-5.875901e+01	1.554245e+00	1.000000e+05	1.215629e-01	1.625876e-01	1.733090e-01
CP021828.1	.	365146	1	G	A	0.104	1.818980e-01	2.215956e-01	-5.958490e+01	1.708954e+00	1.000000e+05	4.158726e-01	5.850075e-01	5.881564e-01
CP021828.1	.	365169	0	T	A	0.061	-1.758423e-03	2.783941e-01	-5.971225e+01	2.024597e+00	1.000000e+05	9.949871e-01	8.347447e-01	8.356822e-01
CP021828.1	.	365170	0	T	G	0.041	4.300473e-01	3.450239e-01	-5.942180e+01	1.580219e+00	1.000000e+05	2.187841e-01	4.294080e-01	4.348302e-01
CP021828.1	.	365221	0	A	G	0.224	-9.051085e-02	1.587160e-01	-5.969916e+01	1.811742e+00	1.000000e+05	5.712115e-01	7.917929e-01	7.930189e-01
CP021828.1	.	365233	3	T	G	0.370	1.116662e-01	1.505856e-01	-5.960119e+01	1.875190e+00	1.000000e+05	4.620519e-01	6.062722e-01	6.091719e-01
CP021828.1	.	365248	2	A	G	0.191	2.773878e-01	1.781825e-01	-5.830489e+01	2.118460e+00	1.000000e+05	1.262359e-01	9.090693e-02	1.023105e-01
CP021828.1	.	365251	4	T	C	0.178	2.760102e-01	1.858683e-01	-5.854527e+01	2.104808e+00	1.000000e+05	1.442265e-01	1.230957e-01	1.343612e-01
CP021828.1	.	365254	2	A	G	0.149	2.910866e-01	2.017599e-01	-5.847037e+01	2.146931e+00	1.000000e+05	1.557260e-01	1.118937e-01	1.232497e-01
CP021828.1	.	365264	2	G	C	0.468	-1.774029e-01	1.443568e-01	-5.973041e+01	9.604994e-01	1.000000e+05	2.252195e-01	9.323696e-01	9.327325e-01
CP021828.1	.	365296	3	A	G	0.261	3.734559e-01	1.677216e-01	-5.796873e+01	1.386257e+00	1.000000e+05	3.080092e-02	6.024786e-02	7.125011e-02
CP021828.1	.	365299	1	A	G	0.354	4.711722e-01	1.346185e-01	-5.537836e+01	8.813160e-01	1.000000e+05	1.029687e-03	3.162439e-03	6.917012e-03
CP021828.1	.	365326	2	A	G	0.277	3.883774e-01	1.564874e-01	-5.806147e+01	8.814074e-01	1.000000e+05	1.670177e-02	6.740619e-02	7.857283e-02
CP021828.1	.	365329	2	G	C	0.468	3.832327e-02	1.436094e-01	-5.969331e+01	1.879202e+00	1.000000e+05	7.907461e-01	7.754061e-01	7.767498e-01
CP021828.1	.	365413	3	T	A	0.174	9.007660e-02	1.946524e-01	-5.967757e+01	1.913440e+00	1.000000e+05	6.456746e-01	7.368903e-01	7.385305e-01
CP021828.1	.	365437	0	G	T	0.041	1.098921e-01	3.407551e-01	-5.973297e+01	1.932530e+00	1.000000e+05	7.485073e-01	9.637420e-01	9.639350e-01
CP021828.1	.	365455	2	A	G	0.213	1.458857e-01	1.802203e-01	-5.973264e+01	1.334113e+00	1.000000e+05	4.223156e-01	9.582985e-01	9.585207e-01
CP021828.1	.	365462	2	C	G	0.191	1.685916e-01	1.940829e-01	-5.973348e+01	1.310493e+00	1.000000e+05	3.894487e-01	9.739945e-01	9.741327e-01
CP021828.1	.	365470	3	T	C	0.217	1.652162e-01	1.837426e-01	-5.961565e+01	1.562024e+00	1.000000e+05	3.731450e-01	6.265959e-01	6.292699e-01
CP021828.1	.	365473	4	C	T	0.178	1.550342e-01	2.011958e-01	-5.973382e+01	1.428897e+00	1.000000e+05	4.448220e-01	9.843455e-01	9.844286e-01
CP021828.1	.	365506	1	A	G	0.188	1.650389e-01	1.796392e-01	-5.968950e+01	1.389271e+00	1.000000e+05	3.629310e-01	7.654317e-01	7.668495e-01
CP021828.1	.	365512	0	A	G	0.347	1.369887e-01	1.472493e-01	-5.949911e+01	1.553610e+00	1.000000e+05	3.569603e-01	4.930811e-01	4.974736e-01
CP021828.1	.	365529	3	A	C	0.457	5.338522e-02	1.523450e-01	-5.959323e+01	2.396326e+00	1.000000e+05	7.275868e-01	5.956819e-01	5.987040e-01
CP021828.1	.	365581	3	G	T	0.326	-3.131607e-02	1.602142e-01	-5.973037e+01	2.134816e+00	1.000000e+05	8.458725e-01	9.320567e-01	9.324214e-01
CP021828.1	.	365593	0	G	A	0.143	3.339659e-01	1.942950e-01	-5.775491e+01	3.174692e+00	1.000000e+05	9.222096e-02	4.664346e-02	5.715364e-02
CP021828.1	.	365602	1	A	G	0.146	1.829918e-01	2.104027e-01	-5.908558e+01	2.514027e+00	1.000000e+05	3.888727e-01	2.547897e-01	2.636688e-01
CP021828.1	.	365605	0	T	G	0.082	2.293356e-01	2.653260e-01	-5.958338e+01	1.755412e+00	1.000000e+05	3.917835e-01	5.830939e-01	5.862659e-01
CP021828.1	.	365659	0	A	G	0.041	5.247000e-01	3.289941e-01	-5.898392e+01	1.333721e+00	1.000000e+05	1.174465e-01	2.206458e-01	2.302468e-01
CP021828.1	.	365733	1	G	T	0.333	-2.572775e-02	1.621066e-01	-5.953506e+01	2.331305e+00	1.000000e+05	8.745783e-01	5.281810e-01	5.320656e-01
CP021828.1	.	365740	2	G	A	0.255	3.016495e-01	1.726701e-01	-5.837529e+01	1.485585e+00	1.000000e+05	8.717470e-02	9.925763e-02	1.106648e-01
CP021828.1	.	365743	4	G	C	0.267	2.661231e-01	1.726693e-01	-5.949473e+01	9.253020e-01	1.000000e+05	1.299673e-01	4.890731e-01	4.935262e-01
CP021828.1	.	365766	0	T	C	0.224	-4.644111e-02	1.799438e-01	-5.966996e+01	2.300949e+00	1.000000e+05	7.974667e-01	7.204075e-01	7.221838e-01
CP021828.1	.	365781	0	T	C	0.041	1.986354e-01	3.340890e-01	-5.954883e+01	2.026142e+00	1.000000e+05	5.549903e-01	5.428082e-01	5.464934e-01
CP021828.1	.	365794	2	A	G	0.064	-8.228937e-02	2.833681e-01	-5.969423e+01	2.094015e+00	1.000000e+05	7.727897e-01	7.779040e-01	7.792295e-01
CP021828.1	.	365824	4	G	C	0.044	1.239875e-01	3.665418e-01	-5.973279e+01	1.887263e+00	1.000000e+05	7.366714e-01	9.606302e-01	9.608399e-01
CP021828.1	.	365839	2	G	A	0.191	2.358008e-01	1.804868e-01	-5.914296e+01	1.659679e+00	1.000000e+05	1.977498e-01	2.769315e-01	2.853388e-01
CP021828.1	.	365881	3	C	A	0.109	1.562103e-01	2.164500e-01	-5.947098e+01	2.000151e+00	1.000000e+05	4.740588e-01	4.682726e-01	4.730495e-01
CP021828.1	.	365899	1	C	G	0.438	-1.702708e-01	1.472037e-01	-5.879045e+01	3.045840e+00	1.000000e+05	2.532396e-01	1.695285e-01	1.801297e-01
CP021828.1	.	365931	4	C	T	0.333	2.649114e-02	1.646674e-01	-5.973225e+01	2.131049e+00	1.000000e+05	8.728801e-01	9.526704e-01	9.529229e-01
CP021828.1	.	392642	2	A	G	0.489	-9.186108e-02	1.371117e-01	-5.965864e+01	1.881329e+00	1.000000e+05	5.061537e-01	6.978259e-01	6.997984e-01
CP021828.1	.	392819	0	G	C	0.224	1.572550e-02	1.709035e-01	-5.935611e+01	1.994381e+00	1.000000e+05	9.270781e-01	3.846464e-01	3.908756e-01
CP021828.1	.	626056	1	C	T	0.125	6.600069e-03	2.405131e-01	-5.970236e+01	2.226890e+00	1.000000e+05	9.782237e-01	8.013735e-01	8.025327e-01
CP021828.1	.	626067	0	AG	A	0.143	1.139514e-01	2.195481e-01	-5.971121e+01	1.982553e+00	1.000000e+05	6.061774e-01	8.308995e-01	8.318617e-01
CP021828.1	.	626086	1	C	T	0.167	-1.452350e-02	2.115009e-01	-5.971805e+01	2.234326e+00	1.000000e+05	9.455446e-01	8.582299e-01	8.590203e-01
CP021828.1	.	626107	3	C	T	0.217	-1.122433e-01	1.841080e-01	-5.931518e+01	2.422305e+00	1.000000e+05	5.450233e-01	3.600684e-01	3.667684e-01
CP021828.1	.	626113	3	T	C	0.196	-7.956316e-02	2.050727e-01	-5.957549e+01	2.369590e+00	1.000000e+05	6.997859e-01	5.733916e-01	5.766825e-01
CP021828.1	.	626140	2	C	G	0.064	1.000209e-01	2.799083e-01	-5.969333e+01	1.918386e+00	1.000000e+05	7.224411e-01	7.754584e-01	7.768018e-01
CP021828.1	.	626152	0	G	A	0.204	2.269686e-01	2.038807e-01	-5.887076e+01	2.464297e+00	1.000000e+05	2.712658e-01	1.888602e-01	1.991025e-01
CP021828.1	.	626167	2	C	T	0.255	-8.544511e-02	1.728662e-01	-5.949010e+01	2.284562e+00	1.000000e+05	6.234076e-01	4.849067e-01	4.894235e-01
CP021828.1	.	626170	3	C	G	0.217	7.517757e-03	1.996449e-01	-5.972938e+01	2.251602e+00	1.000000e+05	9.701217e-01	9.233918e-01	9.238043e-01
CP021828.1	.	626221	0	C	G	0.490	7.999256e-02	1.593639e-01	-5.930252e+01	2.710637e+00	1.000000e+05	6.180469e-01	3.529062e-01	3.597468e-01
CP021828.1	.	626227	1	T	C	0.479	1.604279e-02	1.670417e-01	-5.968199e+01	2.185281e+00	1.000000e+05	9.238966e-01	7.470514e-01	7.486106e-01
CP021828.1	.	626260	2	C	T	0.489	-4.875986e-02	1.663510e-01	-5.961424e+01	1.874018e+00	1.000000e+05	7.707250e-01	6.245483e-01	6.272445e-01
CP021828.1	.	626271	0	T	TC	0.469	1.246976e-01	1.656807e-01	-5.972104e+01	1.405035e+00	1.000000e+05	4.554208e-01	8.720575e-01	8.727644e-01
CP021828.1	.	626284	3	A	C	0.435	4.152120e-01	1.707859e-01	-5.777398e+01	1.013935e+00	1.000000e+05	1.891711e-02	4.771327e-02	5.827264e-02
CP021828.1	.	626286	3	A	C	0.457	2.660047e-01	1.699784e-01	-5.932872e+01	1.025197e+00	1.000000e+05	1.243077e-01	3.679517e-01	3.744987e-01
CP021828.1	.	626293	0	T	C	0.388	3.789375e-01	1.749535e-01	-5.813055e+01	1.339662e+00	1.000000e+05	3.542233e-02	7.332731e-02	8.459235e-02
CP021828.1	.	626298	1	C	T	0.438	2.475875e-01	1.661595e-01	-5.914780e+01	1.292886e+00	1.000000e+05	1.428894e-01	2.789072e-01	2.872725e-01
CP021828.1	.	626305	2	A	G	0.383	3.782533e-01	1.740576e-01	-5.788265e+01	1.354056e+00	1.000000e+05	3.484270e-02	5.432375e-02	6.514476e-02
CP021828.1	.	626308	1	G	T	0.396	2.831013e-01	1.568915e-01	-5.919249e+01	8.896077e-01	1.000000e+05	7.757213e-02	2.980187e-01	3.059801e-01
CP021828.1	.	661775	1	C	T	0.208	-2.768745e-01	1.644619e-01	-5.823859e+01	2.378618e+00	1.000000e+05	9.890660e-02	8.373733e-02	9.510849e-02
CP021828.1	.	897897	1	T	C	0.021	3.060295e-02	4.804452e-01	-5.972976e+01	2.061701e+00	1.000000e+05	9.494816e-01	9.265281e-01	9.269232e-01
CP021828.1	.	898518	0	G	C	0.041	3.875964e-01	3.250346e-01	-5.896624e+01	2.031524e+00	1.000000e+05	2.390599e-01	2.152829e-01	2.249951e-01
CP021828.1	.	911042	0	A	T	0.020	-3.535023e-01	4.420276e-01	-5.944059e+01	1.856356e+00	1.000000e+05	4.278913e-01	4.436444e-01	4.488241e-01
CP021828.1	.	994802	1	C	T	0.062	2.020364e-01	2.679630e-01	-5.953662e+01	2.082203e+00	1.000000e+05	4.546275e-01	5.297989e-01	5.336611e-01
CP021828.1	.	994803	0	A	C	0.061	5.423459e-01	2.396604e-01	-5.677357e+01	2.925992e+00	1.000000e+05	2.829791e-02	1.496246e-02	2.239219e-02
CP021828.1	.	995452	0	T	C	0.041	5.371662e-01	3.339162e-01	-5.917941e+01	1.083320e+00	1.000000e+05	1.143826e-01	2.922587e-01	3.003413e-01
CP021828.1	.	1322288	2	C	G	0.021	-7.173558e-02	5.071710e-01	-5.973317e+01	2.120986e+00	1.000000e+05	8.881248e-01	9.673017e-01	9.674756e-01
CP021828.1	.	1322354	0	G	A	0.041	-1.862427e-01	3.767122e-01	-5.955653e+01	2.330543e+00	1.000000e+05	6.233339e-01	5.513244e-01	5.548968e-01
CP021828.1	.	1452970	0	G	T	0.020	7.264102e-01	4.509364e-01	-5.845714e+01	2.047684e+00	1.000000e+05	1.138995e-01	1.100344e-01	1.214017e-01
CP021828.1	.	1452986	2	CA	C	0.064	-8.132706e-02	2.964762e-01	-5.962320e+01	2.236052e+00	1.000000e+05	7.850467e-01	6.378140e-01	6.403686e-01
CP021828.1	.	1471780	2	G	A	0.468	-4.568110e-02	1.389975e-01	-5.963449e+01	1.825874e+00	1.000000e+05	7.438825e-01	6.555000e-01	6.578733e-01
