chr	rs	ps	n_miss	allele1	allele0	af	beta	se	logl_H1	l_remle	l_mle	p_wald	p_lrt	p_score
CP021825.1	.	10624	0	T	TCTGGCCGGACG	0.184	1.322917e-01	1.744225e-01	-6.194427e+01	1.475657e+00	1.000000e+05	4.519652e-01	8.577349e-01	8.585284e-01
CP021825.1	.	218304	0	T	C	0.020	2.944240e-01	4.471883e-01	-6.188698e+01	1.797509e+00	1.000000e+05	5.135004e-01	7.016984e-01	7.036364e-01
CP021825.1	.	526844	0	G	T	0.020	2.837871e-01	4.430337e-01	-6.162880e+01	1.836879e+00	1.000000e+05	5.249233e-01	4.154732e-01	4.211395e-01
CP021825.1	.	1038788	1	G	C	0.312	-2.756340e-01	1.472549e-01	-5.947754e+01	3.160171e+00	1.000000e+05	6.746255e-02	2.585629e-02	3.484807e-02
CP021825.1	.	1038838	4	C	T	0.244	2.594224e-01	1.661401e-01	-6.056457e+01	2.121983e+00	1.000000e+05	1.251224e-01	9.476325e-02	1.061726e-01
CP021825.1	.	1247320	0	T	C	0.020	-4.437112e-01	4.317192e-01	-6.115395e+01	1.731431e+00	1.000000e+05	3.093152e-01	2.041020e-01	2.140427e-01
CP021825.1	.	1356055	0	T	TC	0.163	-2.835159e-01	1.922981e-01	-6.033503e+01	3.169268e+00	1.000000e+05	1.470529e-01	7.139642e-02	8.263274e-02
CP021825.1	.	1358090	0	G	T	0.041	-4.126427e-03	3.284329e-01	-6.195860e+01	1.858025e+00	1.000000e+05	9.900288e-01	9.529298e-01	9.531809e-01
CP021825.1	.	1358203	0	ATG	A	0.388	5.846712e-02	1.469093e-01	-6.168720e+01	2.074239e+00	1.000000e+05	6.924461e-01	4.598441e-01	4.647565e-01
CP021825.1	.	1360089	0	C	T	0.020	9.062727e-01	4.781204e-01	-5.951409e+01	3.047815e+00	1.000000e+05	6.418631e-02	2.697356e-02	3.608420e-02
CP021825.1	.	1377217	0	G	A	0.020	3.867886e-02	4.423211e-01	-6.194653e+01	1.787148e+00	1.000000e+05	9.306891e-01	8.680321e-01	8.687632e-01
CP021825.1	.	1377263	2	G	C	0.213	5.820574e-02	1.825609e-01	-6.192886e+01	1.800491e+00	1.000000e+05	7.512687e-01	8.018748e-01	8.030305e-01
CP021825.1	.	1377284	3	A	C	0.087	1.058157e-01	2.523622e-01	-6.196033e+01	1.807031e+00	1.000000e+05	6.769066e-01	9.967839e-01	9.968010e-01
CP021825.1	.	1377293	1	G	C	0.146	-1.624388e-02	2.076658e-01	-6.178017e+01	2.029166e+00	1.000000e+05	9.379841e-01	5.483169e-01	5.519288e-01
CP021825.1	.	1377296	0	T	C	0.184	-5.428960e-02	1.958434e-01	-6.163341e+01	2.212940e+00	1.000000e+05	7.828351e-01	4.187385e-01	4.243470e-01
CP021825.1	.	1377315	0	G	C	0.102	-1.853829e-02	2.291299e-01	-6.195399e+01	1.961279e+00	1.000000e+05	9.358592e-01	9.102835e-01	9.107691e-01
CP021825.1	.	1377395	0	C	T	0.061	2.236501e-01	2.650368e-01	-6.090465e+01	2.395881e+00	1.000000e+05	4.030303e-01	1.462083e-01	1.571887e-01
CP021825.1	.	1377398	0	T	C	0.020	8.850911e-01	4.751346e-01	-5.964440e+01	2.946661e+00	1.000000e+05	6.874377e-02	3.138324e-02	4.091091e-02
CP021825.1	.	1377584	2	A	G	0.106	-6.842825e-02	2.333028e-01	-6.191045e+01	1.940412e+00	1.000000e+05	7.705822e-01	7.521098e-01	7.536294e-01
CP021825.1	.	1377602	1	C	T	0.125	-2.869714e-01	2.146919e-01	-6.095084e+01	2.213325e+00	1.000000e+05	1.877663e-01	1.553419e-01	1.661826e-01
CP021825.1	.	1377690	0	A	G	0.041	-1.549032e-01	3.613327e-01	-6.167772e+01	2.055389e+00	1.000000e+05	6.701002e-01	4.521564e-01	4.571945e-01
CP021825.1	.	1377704	1	A	T	0.500	1.019039e-01	1.389916e-01	-6.142211e+01	2.131500e+00	1.000000e+05	4.670983e-01	2.994937e-01	3.074242e-01
CP021825.1	.	1377749	0	A	C	0.041	-4.662086e-02	3.189760e-01	-6.192460e+01	1.702213e+00	1.000000e+05	8.844218e-01	7.892058e-01	7.904501e-01
CP021825.1	.	1377794	0	G	C	0.082	1.215118e-01	2.311735e-01	-6.133830e+01	2.120452e+00	1.000000e+05	6.016164e-01	2.646859e-01	2.733539e-01
CP021825.1	.	1377877	2	A	G	0.128	1.693289e-01	1.971592e-01	-6.149656e+01	2.163105e+00	1.000000e+05	3.947858e-01	3.354965e-01	3.426848e-01
CP021825.1	.	1732471	0	A	AT	0.061	-2.003774e-01	3.187467e-01	-6.156492e+01	2.404531e+00	1.000000e+05	5.326272e-01	3.738498e-01	3.802835e-01
CP021825.1	.	1732500	1	G	A	0.083	-1.581196e-01	2.656027e-01	-6.154811e+01	2.271603e+00	1.000000e+05	5.544830e-01	3.638810e-01	3.705068e-01
CP021825.1	.	1732515	1	T	G	0.292	7.828425e-02	1.716690e-01	-6.196010e+01	1.650937e+00	1.000000e+05	6.504768e-01	9.826413e-01	9.827335e-01
CP021825.1	.	1732521	0	G	T	0.224	-3.646282e-02	1.856337e-01	-6.178795e+01	2.145783e+00	1.000000e+05	8.451256e-01	5.570890e-01	5.605863e-01
CP021825.1	.	1732545	3	A	G	0.304	3.528972e-01	1.713596e-01	-5.937476e+01	2.212845e+00	1.000000e+05	4.501999e-02	2.296490e-02	3.161994e-02
CP021825.1	.	1732551	1	T	C	0.312	1.779060e-01	1.754980e-01	-6.087640e+01	2.336846e+00	1.000000e+05	3.159064e-01	1.409207e-01	1.519759e-01
CP021825.1	.	1732566	2	C	A	0.404	6.409558e-02	1.509917e-01	-6.188475e+01	1.945385e+00	1.000000e+05	6.731400e-01	6.974058e-01	6.993821e-01
CP021825.1	.	1732594	3	A	G	0.174	-1.419475e-01	1.907086e-01	-6.162630e+01	2.008115e+00	1.000000e+05	4.603906e-01	4.137229e-01	4.194203e-01
CP021825.1	.	1904758	0	G	C	0.041	-3.324682e-01	3.581291e-01	-6.106774e+01	2.385618e+00	1.000000e+05	3.579706e-01	1.815114e-01	1.918938e-01
CP021826.1	.	143947	0	AT	A	0.469	4.326763e-02	1.385583e-01	-6.184753e+01	1.974866e+00	1.000000e+05	7.562165e-01	6.347882e-01	6.373747e-01
CP021826.1	.	148361	3	CA	C	0.022	-1.528339e-02	4.301094e-01	-6.194099e+01	1.759707e+00	1.000000e+05	9.718046e-01	8.440393e-01	8.449178e-01
CP021827.1	.	12013	3	A	AT	0.478	4.597557e-01	1.336022e-01	-5.792975e+01	7.625376e-01	1.000000e+05	1.225374e-03	4.522367e-03	8.971114e-03
CP021827.1	.	12058	0	A	AGGG	0.469	4.470008e-01	1.283115e-01	-5.812743e+01	9.469079e-01	1.000000e+05	1.080824e-03	5.627672e-03	1.054804e-02
CP021827.1	.	16476	4	AC	A	0.467	-2.336725e-01	1.482220e-01	-6.036352e+01	2.747273e+00	1.000000e+05	1.216177e-01	7.392499e-02	8.519831e-02
CP021827.1	.	74787	2	A	G	0.043	2.627605e-01	3.468414e-01	-6.144529e+01	1.903286e+00	1.000000e+05	4.524834e-01	3.101349e-01	3.178432e-01
CP021827.1	.	74828	0	G	C	0.061	-3.136051e-01	2.996551e-01	-6.164207e+01	2.189198e+00	1.000000e+05	3.006581e-01	4.249700e-01	4.304692e-01
CP021827.1	.	74859	1	GC	G	0.208	6.916845e-02	1.680645e-01	-6.192807e+01	1.873408e+00	1.000000e+05	6.825336e-01	7.994630e-01	8.006354e-01
CP021827.1	.	74963	0	CG	C	0.163	1.468685e-01	1.760356e-01	-6.170929e+01	1.827648e+00	1.000000e+05	4.083261e-01	4.785813e-01	4.831959e-01
CP021827.1	.	74986	3	G	C	0.043	-1.543009e-01	3.277932e-01	-6.191237e+01	1.805718e+00	1.000000e+05	6.400136e-01	7.567611e-01	7.582448e-01
CP021827.1	.	109668	0	C	G	0.082	-3.136845e-02	2.473277e-01	-6.194656e+01	1.894164e+00	1.000000e+05	8.996164e-01	8.681474e-01	8.688778e-01
CP021827.1	.	302275	3	A	AT	0.152	1.723991e-01	1.944455e-01	-6.113604e+01	2.349525e+00	1.000000e+05	3.797982e-01	1.991510e-01	2.091911e-01
CP021827.1	.	322944	0	C	T	0.061	-5.167961e-02	3.017218e-01	-6.173196e+01	2.032640e+00	1.000000e+05	8.647371e-01	4.991443e-01	5.034460e-01
CP021827.1	.	322957	0	T	C	0.082	-2.117502e-01	2.421844e-01	-6.145769e+01	1.928154e+00	1.000000e+05	3.863820e-01	3.160349e-01	3.236209e-01
CP021827.1	.	352369	0	G	C	0.061	2.158697e-01	3.010530e-01	-6.147824e+01	1.995423e+00	1.000000e+05	4.768925e-01	3.261303e-01	3.335089e-01
CP021827.1	.	352549	0	C	T	0.163	-3.360783e-02	1.830022e-01	-6.196025e+01	1.887944e+00	1.000000e+05	8.550803e-01	9.893660e-01	9.894224e-01
CP021827.1	.	352609	0	G	A	0.122	-1.774767e-01	1.987460e-01	-6.064500e+01	2.302643e+00	1.000000e+05	3.764162e-01	1.048175e-01	1.162097e-01
CP021827.1	.	359548	0	C	A	0.224	2.105119e-01	1.831381e-01	-6.133685e+01	1.743902e+00	1.000000e+05	2.561779e-01	2.641303e-01	2.728102e-01
CP021827.1	.	359571	1	G	A	0.354	4.747318e-02	1.628689e-01	-6.195427e+01	1.929289e+00	1.000000e+05	7.719661e-01	9.123019e-01	9.127762e-01
CP021827.1	.	359578	0	G	T	0.388	7.333689e-02	1.482759e-01	-6.191148e+01	1.871451e+00	1.000000e+05	6.231883e-01	7.545802e-01	7.560807e-01
CP021827.1	.	387590	0	C	G	0.020	-3.746763e-01	4.347619e-01	-6.149766e+01	1.781068e+00	1.000000e+05	3.931752e-01	3.360727e-01	3.432493e-01
CP021827.1	.	392984	0	ACC	A	0.020	-3.367811e-01	4.695122e-01	-6.163008e+01	2.125501e+00	1.000000e+05	4.767389e-01	4.163748e-01	4.220250e-01
CP021827.1	.	399746	1	C	A	0.146	4.996863e-02	1.904241e-01	-6.191848e+01	1.700148e+00	1.000000e+05	7.941543e-01	7.723140e-01	7.736805e-01
CP021827.1	.	418234	0	T	G	0.020	4.297119e-01	4.196946e-01	-6.054523e+01	2.639007e+00	1.000000e+05	3.111387e-01	9.250629e-02	1.039132e-01
CP021827.1	.	431565	0	G	C	0.041	-1.924610e-01	3.606753e-01	-6.166632e+01	2.149427e+00	1.000000e+05	5.961240e-01	4.431806e-01	4.483681e-01
CP021827.1	.	431583	1	T	C	0.062	-1.759093e-01	2.955744e-01	-6.156346e+01	2.199667e+00	1.000000e+05	5.546020e-01	3.729643e-01	3.794151e-01
CP021827.1	.	431631	3	C	A	0.065	1.691711e-01	2.930659e-01	-6.195804e+01	1.670444e+00	1.000000e+05	5.665283e-01	9.460094e-01	9.462979e-01
CP021827.1	.	431663	3	G	A	0.348	2.344843e-01	1.469936e-01	-6.053672e+01	2.241146e+00	1.000000e+05	1.173707e-01	9.153098e-02	1.029360e-01
CP021827.1	.	431703	0	C	G	0.408	1.623861e-01	1.422133e-01	-6.187844e+01	1.498994e+00	1.000000e+05	2.593009e-01	6.856915e-01	6.877743e-01
CP021827.1	.	431760	4	C	G	0.356	2.475750e-01	1.452483e-01	-6.046136e+01	1.756553e+00	1.000000e+05	9.489168e-02	8.336967e-02	9.473835e-02
CP021827.1	.	431808	0	C	T	0.102	1.659222e-01	2.199064e-01	-6.178259e+01	1.822256e+00	1.000000e+05	4.543054e-01	5.510192e-01	5.545955e-01
CP021827.1	.	431838	0	A	C	0.041	3.570652e-01	3.348296e-01	-6.145370e+01	1.942349e+00	1.000000e+05	2.916864e-01	3.141189e-01	3.217445e-01
CP021827.1	.	431967	3	G	T	0.087	2.315592e-01	2.396922e-01	-6.123977e+01	2.081742e+00	1.000000e+05	3.389545e-01	2.299543e-01	2.393604e-01
CP021827.1	.	431968	4	C	T	0.044	1.937765e-01	3.225454e-01	-6.175086e+01	1.848327e+00	1.000000e+05	5.508776e-01	5.174543e-01	5.214897e-01
CP021827.1	.	432981	0	C	A	0.020	-2.296655e-01	4.754242e-01	-6.159979e+01	2.063414e+00	1.000000e+05	6.312854e-01	3.957828e-01	4.018051e-01
CP021827.1	.	444780	0	C	A	0.041	-2.313353e-01	3.281160e-01	-6.178071e+01	1.765866e+00	1.000000e+05	4.842642e-01	5.489198e-01	5.525238e-01
CP021827.1	.	452198	1	AG	A	0.125	-3.266712e-01	1.932745e-01	-5.997919e+01	1.991896e+00	1.000000e+05	9.761418e-02	4.653031e-02	5.703517e-02
CP021827.1	.	471937	1	C	CT	0.271	1.621838e-02	1.651136e-01	-6.192790e+01	1.982779e+00	1.000000e+05	9.221709e-01	7.989459e-01	8.001218e-01
CP021827.1	.	551651	0	T	G	0.020	1.233813e-01	4.236088e-01	-6.174431e+01	1.843716e+00	1.000000e+05	7.721323e-01	5.109814e-01	5.151096e-01
CP021827.1	.	554119	0	GA	G	0.429	1.119740e-01	1.375685e-01	-6.195096e+01	1.358202e+00	1.000000e+05	4.197779e-01	8.910913e-01	8.916864e-01
CP021827.1	.	556422	0	T	TC	0.143	3.381002e-01	1.941618e-01	-6.025127e+01	2.630792e+00	1.000000e+05	8.816795e-02	6.448401e-02	7.559006e-02
CP021827.1	.	586523	0	G	C	0.449	4.927842e-02	1.451978e-01	-6.196018e+01	1.768123e+00	1.000000e+05	7.358291e-01	9.857434e-01	9.858191e-01
CP021827.1	.	586570	0	A	T	0.449	-2.338775e-01	1.452090e-01	-6.019967e+01	2.330766e+00	1.000000e+05	1.139576e-01	6.058351e-02	7.159472e-02
CP021827.1	.	586637	0	A	G	0.327	8.775071e-02	1.544318e-01	-6.195701e+01	1.623689e+00	1.000000e+05	5.725928e-01	9.349447e-01	9.352935e-01
CP021827.1	.	586673	0	G	A	0.265	2.091645e-01	1.642337e-01	-6.183792e+01	1.156272e+00	1.000000e+05	2.090754e-01	6.207283e-01	6.234662e-01
CP021827.1	.	586713	0	C	CCAGATCGCAGTGCCGA	0.061	6.272239e-01	2.869262e-01	-5.970432e+01	1.636319e+00	1.000000e+05	3.383040e-02	3.365735e-02	4.337190e-02
CP021827.1	.	586790	1	G	A	0.062	5.646739e-02	2.796425e-01	-6.194604e+01	1.880629e+00	1.000000e+05	8.408452e-01	8.657087e-01	8.664537e-01
CP021827.1	.	586819	1	A	G	0.062	2.146481e-01	3.130022e-01	-6.160960e+01	2.062809e+00	1.000000e+05	4.962259e-01	4.022905e-01	4.081937e-01
CP021827.1	.	586831	0	G	A	0.041	2.651766e-01	3.580694e-01	-6.153845e+01	1.995559e+00	1.000000e+05	4.626360e-01	3.583163e-01	3.650506e-01
CP021827.1	.	595041	0	G	A	0.020	-9.879971e-02	4.380845e-01	-6.192860e+01	1.812620e+00	1.000000e+05	8.225474e-01	8.010826e-01	8.022438e-01
CP021827.1	.	595043	0	A	C	0.020	9.870806e-02	4.544192e-01	-6.188919e+01	1.789974e+00	1.000000e+05	8.289786e-01	7.060183e-01	7.079182e-01
CP021827.1	.	596030	1	G	GGT	0.021	-1.679528e-01	4.578435e-01	-6.136929e+01	2.148162e+00	1.000000e+05	7.153889e-01	2.769311e-01	2.853383e-01
CP021827.1	.	596707	0	C	CGCGT	0.367	-3.499328e-01	1.666012e-01	-5.935209e+01	3.455198e+00	1.000000e+05	4.108429e-02	2.237372e-02	3.095419e-02
CP021827.1	.	606298	1	T	G	0.021	-3.786722e-01	4.731007e-01	-6.127813e+01	2.184797e+00	1.000000e+05	4.275035e-01	2.427726e-01	2.519075e-01
CP021827.1	.	639984	3	TTGC	T	0.109	3.424470e-01	2.381877e-01	-6.072039e+01	2.041646e+00	1.000000e+05	1.571389e-01	1.153098e-01	1.266422e-01
CP021827.1	.	640681	1	G	C	0.375	-1.158655e-02	1.454979e-01	-6.195675e+01	1.948384e+00	1.000000e+05	9.368666e-01	9.324872e-01	9.328495e-01
CP021827.1	.	661801	4	G	C	0.378	1.643357e-01	1.428968e-01	-6.190683e+01	1.236566e+00	1.000000e+05	2.559494e-01	7.435679e-01	7.451546e-01
CP021827.1	.	661862	0	C	G	0.367	-2.041543e-03	1.419656e-01	-6.191223e+01	1.920996e+00	1.000000e+05	9.885873e-01	7.564207e-01	7.579070e-01
CP021827.1	.	661985	1	A	G	0.188	-2.160914e-02	1.694911e-01	-6.146476e+01	1.956154e+00	1.000000e+05	8.990931e-01	3.194613e-01	3.269767e-01
CP021827.1	.	662382	3	A	G	0.413	-2.660888e-01	1.388571e-01	-6.019080e+01	2.345757e+00	1.000000e+05	6.142258e-02	5.993886e-02	7.093275e-02
CP021827.1	.	662502	0	C	A	0.163	-4.652722e-03	1.836085e-01	-6.189870e+01	1.910451e+00	1.000000e+05	9.798907e-01	7.255064e-01	7.272399e-01
CP021827.1	.	662628	0	C	T	0.082	-9.566621e-04	2.613217e-01	-6.192323e+01	1.965488e+00	1.000000e+05	9.970946e-01	7.852845e-01	7.865567e-01
CP021827.1	.	663480	0	T	G	0.041	2.104048e-02	3.368130e-01	-6.194613e+01	1.857933e+00	1.000000e+05	9.504540e-01	8.661301e-01	8.668726e-01
CP021827.1	.	663639	0	T	C	0.041	3.492055e-01	3.388167e-01	-6.130907e+01	2.074111e+00	1.000000e+05	3.079741e-01	2.537488e-01	2.626501e-01
CP021827.1	.	702429	0	AT	A	0.347	-3.994452e-03	1.689280e-01	-6.185379e+01	2.039182e+00	1.000000e+05	9.812352e-01	6.443566e-01	6.468432e-01
CP021827.1	.	703232	0	AGC	A	0.020	3.069703e-01	4.731518e-01	-6.173956e+01	1.896035e+00	1.000000e+05	5.196397e-01	5.063696e-01	5.105648e-01
CP021827.1	.	704259	4	G	A	0.156	7.973161e-02	1.920237e-01	-6.195474e+01	1.805530e+00	1.000000e+05	6.798721e-01	9.157513e-01	9.162063e-01
CP021827.1	.	704277	0	G	A	0.082	6.055255e-03	2.431336e-01	-6.191428e+01	1.871760e+00	1.000000e+05	9.802361e-01	7.615007e-01	7.629482e-01
CP021827.1	.	704633	0	C	G	0.204	3.119139e-02	1.888314e-01	-6.178502e+01	2.008827e+00	1.000000e+05	8.695098e-01	5.537538e-01	5.572944e-01
CP021827.1	.	705509	1	C	T	0.229	1.245841e-01	1.708970e-01	-6.101426e+01	2.215609e+00	1.000000e+05	4.696181e-01	1.689599e-01	1.795712e-01
CP021827.1	.	707585	0	C	A	0.265	8.502547e-02	1.635459e-01	-6.194807e+01	1.797660e+00	1.000000e+05	6.055821e-01	8.755247e-01	8.762111e-01
CP021827.1	.	707754	1	G	A	0.167	1.683976e-01	1.781303e-01	-6.144030e+01	1.902666e+00	1.000000e+05	3.493092e-01	3.078028e-01	3.155596e-01
CP021827.1	.	707844	4	A	C	0.444	-2.199599e-01	1.445374e-01	-6.039562e+01	2.409999e+00	1.000000e+05	1.347544e-01	7.688990e-02	8.820008e-02
CP021827.1	.	708071	2	T	C	0.149	-8.852886e-02	1.847351e-01	-6.193300e+01	1.779583e+00	1.000000e+05	6.340041e-01	8.151288e-01	8.161946e-01
CP021827.1	.	708380	1	T	G	0.208	3.661698e-02	1.695723e-01	-6.175930e+01	1.948227e+00	1.000000e+05	8.299711e-01	5.260172e-01	5.299319e-01
CP021827.1	.	708434	1	G	A	0.479	-6.301211e-02	1.497567e-01	-6.179965e+01	2.029525e+00	1.000000e+05	6.758459e-01	5.707854e-01	5.741087e-01
CP021827.1	.	708442	1	G	A	0.479	4.608181e-02	1.484291e-01	-6.174631e+01	2.091090e+00	1.000000e+05	7.575811e-01	5.129449e-01	5.170448e-01
CP021827.1	.	708476	1	T	C	0.333	-1.667570e-01	1.491622e-01	-6.141855e+01	1.938801e+00	1.000000e+05	2.692673e-01	2.978976e-01	3.058615e-01
CP021827.1	.	708524	3	T	A	0.109	2.307152e-01	2.430437e-01	-6.041345e+01	2.774762e+00	1.000000e+05	3.473369e-01	7.859187e-02	8.992023e-02
CP021827.1	.	735678	0	T	A	0.020	-4.801139e-01	4.342934e-01	-6.137031e+01	1.668604e+00	1.000000e+05	2.745674e-01	2.773457e-01	2.857441e-01
CP021827.1	.	735689	1	G	C	0.021	4.790402e-01	4.193419e-01	-6.108814e+01	1.833465e+00	1.000000e+05	2.590899e-01	1.865837e-01	1.968699e-01
CP021827.1	.	770043	1	A	G	0.042	-2.079390e-02	3.883074e-01	-6.190986e+01	2.042014e+00	1.000000e+05	9.575206e-01	7.506890e-01	7.522197e-01
CP021827.1	.	770137	3	C	T	0.413	-9.461379e-03	1.503125e-01	-6.196008e+01	1.962050e+00	1.000000e+05	9.500775e-01	9.819500e-01	9.820458e-01
CP021827.1	.	773282	1	T	C	0.250	1.722287e-02	1.605734e-01	-6.191757e+01	1.919328e+00	1.000000e+05	9.150404e-01	7.699375e-01	7.713216e-01
CP021827.1	.	773324	2	C	T	0.191	-1.124436e-01	1.853919e-01	-6.176399e+01	2.110787e+00	1.000000e+05	5.470893e-01	5.308908e-01	5.347379e-01
CP021827.1	.	773342	0	G	A	0.143	-1.321610e-01	2.076667e-01	-6.187356e+01	2.059189e+00	1.000000e+05	5.275970e-01	6.769708e-01	6.791351e-01
CP021827.1	.	774022	0	A	T	0.061	3.136319e-01	2.756431e-01	-6.097750e+01	1.802552e+00	1.000000e+05	2.609634e-01	1.609073e-01	1.716570e-01
CP021827.1	.	777791	0	T	G	0.061	4.138356e-01	3.155225e-01	-6.154486e+01	1.384615e+00	1.000000e+05	1.960302e-01	3.619954e-01	3.686579e-01
CP021827.1	.	778433	0	T	TC	0.061	7.083160e-02	3.004718e-01	-6.178511e+01	1.983519e+00	1.000000e+05	8.146629e-01	5.538546e-01	5.573939e-01
CP021827.1	.	778438	1	C	T	0.083	4.330451e-01	2.732695e-01	-6.033482e+01	1.899520e+00	1.000000e+05	1.197450e-01	7.137824e-02	8.261428e-02
CP021827.1	.	778447	3	C	G	0.239	3.278942e-01	1.686259e-01	-5.973407e+01	2.486323e+00	1.000000e+05	5.783249e-02	3.484957e-02	4.465540e-02
CP021827.1	.	778456	3	A	G	0.391	1.677254e-01	1.648289e-01	-6.160115e+01	2.048900e+00	1.000000e+05	3.140907e-01	3.966774e-01	4.026832e-01
CP021827.1	.	778462	1	G	A	0.458	3.617993e-02	1.607153e-01	-6.195928e+01	2.038523e+00	1.000000e+05	8.228634e-01	9.633006e-01	9.634959e-01
CP021827.1	.	778468	2	T	C	0.447	-4.723417e-02	1.530332e-01	-6.192340e+01	1.964652e+00	1.000000e+05	7.589494e-01	7.857772e-01	7.870459e-01
CP021827.1	.	778492	0	G	A	0.184	-1.946808e-01	1.751691e-01	-6.187441e+01	1.366930e+00	1.000000e+05	2.720544e-01	6.784597e-01	6.806100e-01
CP021827.1	.	778502	4	A	G	0.200	-1.773971e-01	1.845117e-01	-6.177284e+01	1.719032e+00	1.000000e+05	3.412511e-01	5.402909e-01	5.440099e-01
CP021827.1	.	778510	4	G	C	0.289	-6.380779e-02	1.650612e-01	-6.195977e+01	1.880234e+00	1.000000e+05	7.008189e-01	9.730603e-01	9.732035e-01
CP021827.1	.	793546	0	G	A	0.082	2.709308e-01	2.577310e-01	-6.173495e+01	1.775208e+00	1.000000e+05	2.985346e-01	5.019668e-01	5.062267e-01
CP021827.1	.	793560	0	C	G	0.163	1.952125e-01	2.017827e-01	-6.176100e+01	1.716748e+00	1.000000e+05	3.382764e-01	5.277691e-01	5.316594e-01
CP021827.1	.	793567	1	G	C	0.167	2.983057e-01	2.073937e-01	-6.123759e+01	1.630770e+00	1.000000e+05	1.569594e-01	2.292505e-01	2.386714e-01
CP021827.1	.	793579	2	A	G	0.149	4.038124e-01	2.227624e-01	-6.044342e+01	1.878027e+00	1.000000e+05	7.626007e-02	8.154493e-02	9.290001e-02
CP021827.1	.	793591	3	C	G	0.152	7.729538e-02	2.172960e-01	-6.195936e+01	1.856283e+00	1.000000e+05	7.236459e-01	9.646900e-01	9.648779e-01
CP021827.1	.	809071	0	C	T	0.020	-9.041235e-01	3.878284e-01	-5.756609e+01	3.469504e+00	1.000000e+05	2.407979e-02	3.031349e-03	6.710015e-03
CP021827.1	.	958334	0	C	A	0.020	8.088237e-01	4.426111e-01	-5.952321e+01	2.556077e+00	1.000000e+05	7.399376e-02	2.726025e-02	3.640045e-02
CP021827.1	.	958352	2	G	GC	0.170	2.987524e-02	1.861943e-01	-6.153759e+01	2.054439e+00	1.000000e+05	8.732127e-01	3.578316e-01	3.645753e-01
CP021827.1	.	962653	1	T	C	0.042	1.504684e-01	3.510713e-01	-6.191347e+01	1.890156e+00	1.000000e+05	6.701739e-01	7.594750e-01	7.609379e-01
CP021827.1	.	962660	0	T	C	0.041	7.777996e-01	3.298161e-01	-6.035082e+01	1.302726e+00	1.000000e+05	2.257121e-02	7.278682e-02	8.404414e-02
CP021827.1	.	962668	0	A	C	0.122	3.802100e-01	2.142724e-01	-6.070436e+01	1.585331e+00	1.000000e+05	8.247047e-02	1.129856e-01	1.243345e-01
CP021827.1	.	962673	0	T	C	0.143	2.400049e-01	2.002922e-01	-6.156677e+01	1.612255e+00	1.000000e+05	2.368180e-01	3.749683e-01	3.813807e-01
CP021827.1	.	962686	0	C	A	0.388	8.448928e-02	1.467093e-01	-6.195456e+01	1.681663e+00	1.000000e+05	5.674331e-01	9.144109e-01	9.148734e-01
CP021827.1	.	1009532	0	AT	A	0.102	-2.831107e-01	2.271242e-01	-6.023753e+01	3.189406e+00	1.000000e+05	2.187572e-01	6.341985e-02	7.450167e-02
CP021827.1	.	1009548	0	G	A	0.041	-2.076489e-01	3.520376e-01	-6.147158e+01	2.222614e+00	1.000000e+05	5.581174e-01	3.228140e-01	3.302605e-01
CP021827.1	.	1009563	0	T	C	0.061	-1.882191e-01	2.903584e-01	-6.151231e+01	2.194376e+00	1.000000e+05	5.199906e-01	3.438402e-01	3.508609e-01
CP021827.1	.	1009630	0	T	G	0.061	-2.725472e-01	2.629811e-01	-6.144682e+01	1.973820e+00	1.000000e+05	3.053298e-01	3.108573e-01	3.185506e-01
CP021827.1	.	1010097	2	T	C	0.489	-6.188119e-02	1.444442e-01	-6.195712e+01	1.925962e+00	1.000000e+05	6.703105e-01	9.360471e-01	9.363899e-01
CP021827.1	.	1010789	3	T	C	0.326	-1.282778e-01	1.531820e-01	-6.193215e+01	1.581487e+00	1.000000e+05	4.065944e-01	8.123215e-01	8.134062e-01
CP021827.1	.	1010932	2	C	T	0.383	-9.028934e-02	1.451043e-01	-6.181952e+01	1.916819e+00	1.000000e+05	5.367929e-01	5.956310e-01	5.986537e-01
CP021827.1	.	1011310	1	C	T	0.188	1.867483e-01	1.759632e-01	-6.135907e+01	2.242289e+00	1.000000e+05	2.939805e-01	2.728145e-01	2.813093e-01
CP021827.1	.	1011356	0	A	G	0.184	-7.376067e-02	1.828640e-01	-6.174025e+01	2.026769e+00	1.000000e+05	6.885101e-01	5.070377e-01	5.112232e-01
CP021827.1	.	1013618	0	C	G	0.367	-1.007769e-01	1.501671e-01	-6.150344e+01	2.248379e+00	1.000000e+05	5.054426e-01	3.391091e-01	3.462246e-01
CP021827.1	.	1014176	0	G	A	0.102	-8.954332e-02	2.216732e-01	-6.190183e+01	1.875263e+00	1.000000e+05	6.880869e-01	7.322943e-01	7.339719e-01
CP021827.1	.	1014317	1	T	C	0.438	-7.397290e-02	1.414716e-01	-6.195155e+01	1.912273e+00	1.000000e+05	6.035130e-01	8.945306e-01	8.951059e-01
CP021827.1	.	1014371	0	T	C	0.367	-3.260357e-02	1.467055e-01	-6.169323e+01	2.022971e+00	1.000000e+05	8.250913e-01	4.648394e-01	4.696712e-01
CP021827.1	.	1014386	2	C	A	0.255	1.414399e-01	1.652605e-01	-6.182269e+01	1.877951e+00	1.000000e+05	3.964174e-01	5.997954e-01	6.027696e-01
CP021827.1	.	1014455	2	T	C	0.362	2.304077e-01	1.442545e-01	-6.047378e+01	2.298869e+00	1.000000e+05	1.169169e-01	8.465882e-02	9.603583e-02
CP021827.1	.	1014461	0	A	G	0.286	6.472009e-02	1.534660e-01	-6.191586e+01	1.912496e+00	1.000000e+05	6.751501e-01	7.654993e-01	7.669166e-01
CP021827.1	.	1084966	2	G	A	0.383	7.848846e-02	1.413373e-01	-6.179409e+01	1.935476e+00	1.000000e+05	5.813044e-01	5.641987e-01	5.676049e-01
CP021827.1	.	1133218	2	G	T	0.021	-7.789509e-02	4.326275e-01	-6.193438e+01	1.681491e+00	1.000000e+05	8.578865e-01	8.197724e-01	8.208074e-01
CP021827.1	.	1173412	0	C	CGT	0.041	-3.061875e-01	3.624943e-01	-6.183703e+01	1.863718e+00	1.000000e+05	4.025753e-01	6.194711e-01	6.222229e-01
CP021827.1	.	1173420	1	C	G	0.062	-3.566361e-02	2.950620e-01	-6.195598e+01	1.944545e+00	1.000000e+05	9.043107e-01	9.256004e-01	9.260006e-01
CP021827.1	.	1173432	2	G	A	0.064	2.620983e-01	3.105333e-01	-6.139283e+01	2.003165e+00	1.000000e+05	4.029303e-01	2.867087e-01	2.949085e-01
CP021827.1	.	1173452	3	G	C	0.109	2.540926e-01	2.446133e-01	-6.138688e+01	1.864038e+00	1.000000e+05	3.042346e-01	2.841947e-01	2.924478e-01
CP021827.1	.	1189635	4	C	G	0.467	2.540274e-01	1.375719e-01	-6.085248e+01	1.416773e+00	1.000000e+05	7.112085e-02	1.366119e-01	1.477242e-01
CP021827.1	.	1199494	0	A	C	0.122	2.949601e-02	2.125828e-01	-6.170265e+01	1.821105e+00	1.000000e+05	8.902400e-01	4.728231e-01	4.775278e-01
CP021827.1	.	1199501	0	T	C	0.102	1.650208e-01	2.324661e-01	-6.194141e+01	1.398245e+00	1.000000e+05	4.812918e-01	8.457321e-01	8.465999e-01
CP021827.1	.	1199524	0	T	G	0.082	5.233683e-02	2.503385e-01	-6.176664e+01	1.780609e+00	1.000000e+05	8.353016e-01	5.336667e-01	5.374757e-01
CP021827.1	.	1199746	0	GAA	G	0.163	6.335358e-01	1.779400e-01	-5.551736e+01	2.922145e+00	1.000000e+05	8.601699e-04	3.310586e-04	1.527002e-03
CP021827.1	.	1200993	0	A	C	0.204	1.238577e-01	1.851576e-01	-6.157183e+01	1.932762e+00	1.000000e+05	5.068121e-01	3.780567e-01	3.844104e-01
CP021827.1	.	1201056	0	G	T	0.224	-5.674175e-02	1.801294e-01	-6.183011e+01	2.195406e+00	1.000000e+05	7.541519e-01	6.098073e-01	6.126669e-01
CP021827.1	.	1201085	1	A	G	0.104	3.231379e-01	2.377902e-01	-6.180675e+01	1.162745e+00	1.000000e+05	1.806578e-01	5.794220e-01	5.826387e-01
CP021827.1	.	1201804	0	C	G	0.041	1.531658e-01	3.427194e-01	-6.148680e+01	2.158319e+00	1.000000e+05	6.569904e-01	3.304638e-01	3.377541e-01
CP021827.1	.	1202172	1	A	G	0.500	-1.844562e-01	1.410465e-01	-6.144878e+01	1.568823e+00	1.000000e+05	1.973126e-01	3.117813e-01	3.194554e-01
CP021827.1	.	1202352	3	A	G	0.391	-2.104975e-01	1.448484e-01	-6.104066e+01	1.857253e+00	1.000000e+05	1.528056e-01	1.750255e-01	1.855281e-01
CP021827.1	.	1202379	4	G	A	0.200	-1.493282e-01	1.777962e-01	-6.181018e+01	1.712148e+00	1.000000e+05	4.052255e-01	5.836856e-01	5.868505e-01
CP021827.1	.	1202439	1	A	G	0.354	-9.941818e-02	1.477698e-01	-6.194080e+01	1.747093e+00	1.000000e+05	5.043751e-01	8.433155e-01	8.441985e-01
CP021827.1	.	1202965	2	T	C	0.277	1.086196e-01	1.609297e-01	-6.188705e+01	1.791250e+00	1.000000e+05	5.030140e-01	7.018272e-01	7.037640e-01
CP021827.1	.	1236030	1	C	A	0.396	1.546142e-01	1.405617e-01	-6.179171e+01	1.531001e+00	1.000000e+05	2.769460e-01	5.614182e-01	5.648599e-01
CP021827.1	.	1236099	1	C	G	0.375	-1.985527e-01	1.429288e-01	-6.039170e+01	2.997329e+00	1.000000e+05	1.713274e-01	7.652141e-02	8.782738e-02
CP021827.1	.	1236257	2	C	T	0.170	3.625676e-03	1.893455e-01	-6.189359e+01	1.930650e+00	1.000000e+05	9.848037e-01	7.148339e-01	7.166575e-01
CP021827.1	.	1236319	1	C	G	0.083	-3.470632e-01	2.412002e-01	-6.090860e+01	2.136992e+00	1.000000e+05	1.568052e-01	1.469650e-01	1.579344e-01
CP021827.1	.	1236609	3	C	G	0.109	5.861558e-02	2.219289e-01	-6.195427e+01	1.745178e+00	1.000000e+05	7.928432e-01	9.122878e-01	9.127622e-01
CP021827.1	.	1236666	0	C	G	0.061	5.022434e-01	3.055073e-01	-6.128774e+01	1.156504e+00	1.000000e+05	1.068571e-01	2.461181e-01	2.551819e-01
CP021827.1	.	1236699	0	G	A	0.143	2.192934e-02	2.040389e-01	-6.193291e+01	1.882055e+00	1.000000e+05	9.148686e-01	8.148081e-01	8.158761e-01
CP021827.1	.	1236845	4	G	A	0.444	-1.207346e-01	1.408216e-01	-6.089246e+01	2.327309e+00	1.000000e+05	3.955977e-01	1.438997e-01	1.549134e-01
CP021827.1	.	1236872	1	G	C	0.375	-6.243060e-02	1.497950e-01	-6.145136e+01	2.148714e+00	1.000000e+05	6.787415e-01	3.130020e-01	3.206508e-01
CP021827.1	.	1237036	3	G	C	0.326	1.707569e-01	1.476954e-01	-6.052556e+01	2.823084e+00	1.000000e+05	2.534664e-01	9.026941e-02	1.016712e-01
CP021827.1	.	1237194	1	C	A	0.375	-2.965067e-02	1.449938e-01	-6.195542e+01	1.887565e+00	1.000000e+05	8.388488e-01	9.210015e-01	9.214272e-01
CP021827.1	.	1237501	1	T	G	0.104	1.822596e-01	2.211965e-01	-6.170970e+01	1.831069e+00	1.000000e+05	4.141175e-01	4.789365e-01	4.835455e-01
CP021827.1	.	1238223	0	A	G	0.061	2.046711e-02	3.077683e-01	-6.177995e+01	2.004088e+00	1.000000e+05	9.472605e-01	5.480772e-01	5.516923e-01
CP021827.1	.	1238263	1	C	A	0.042	-1.639943e-01	3.740284e-01	-6.185751e+01	2.149856e+00	1.000000e+05	6.630659e-01	6.501907e-01	6.526175e-01
CP021827.1	.	1238283	2	G	C	0.085	4.494295e-02	2.764521e-01	-6.192467e+01	2.041246e+00	1.000000e+05	8.715536e-01	7.894139e-01	7.906566e-01
CP021827.1	.	1238301	3	A	G	0.109	-4.672734e-02	2.378878e-01	-6.189804e+01	2.025392e+00	1.000000e+05	8.451237e-01	7.240964e-01	7.258418e-01
CP021827.1	.	1238313	0	T	G	0.204	-8.112592e-02	1.916581e-01	-6.196019e+01	1.938419e+00	1.000000e+05	6.740184e-01	9.863363e-01	9.864088e-01
CP021827.1	.	1238319	1	T	C	0.250	4.538847e-02	1.787835e-01	-6.186755e+01	2.070732e+00	1.000000e+05	8.007003e-01	6.666195e-01	6.688831e-01
CP021827.1	.	1238322	0	C	A	0.204	-1.352722e-01	1.830822e-01	-6.137817e+01	2.292117e+00	1.000000e+05	4.636658e-01	2.805686e-01	2.888986e-01
CP021827.1	.	1238349	0	G	C	0.367	-4.163627e-02	1.493750e-01	-6.174296e+01	2.056553e+00	1.000000e+05	7.816698e-01	5.096613e-01	5.138087e-01
CP021827.1	.	1238355	3	G	C	0.283	4.019992e-02	1.640694e-01	-6.195956e+01	1.931945e+00	1.000000e+05	8.075093e-01	9.684705e-01	9.686382e-01
CP021827.1	.	1238379	0	T	C	0.082	-6.563333e-02	2.756933e-01	-6.194791e+01	2.008517e+00	1.000000e+05	8.128644e-01	8.747226e-01	8.754137e-01
CP021827.1	.	1238395	3	G	C	0.065	5.321677e-02	3.036576e-01	-6.190380e+01	1.970786e+00	1.000000e+05	8.616340e-01	7.366615e-01	7.383036e-01
CP021827.1	.	1238403	3	G	C	0.174	8.260947e-02	2.022536e-01	-6.194016e+01	1.875436e+00	1.000000e+05	6.848019e-01	8.407871e-01	8.416861e-01
CP021827.1	.	1238424	1	C	T	0.146	3.330371e-02	2.122959e-01	-6.196033e+01	1.968298e+00	1.000000e+05	8.760161e-01	9.980768e-01	9.980870e-01
CP021827.1	.	1238425	2	A	C	0.128	4.835751e-02	2.198797e-01	-6.193561e+01	1.868448e+00	1.000000e+05	8.268804e-01	8.240081e-01	8.250151e-01
CP021827.1	.	1238532	1	C	A	0.438	-5.940064e-02	1.426315e-01	-6.195805e+01	1.911042e+00	1.000000e+05	6.789676e-01	9.460779e-01	9.463661e-01
CP021827.1	.	1238748	3	C	A	0.065	-2.187807e-01	2.750714e-01	-6.148891e+01	2.095048e+00	1.000000e+05	4.304029e-01	3.315457e-01	3.388140e-01
CP021827.1	.	1238771	0	CGG	C	0.306	2.604694e-02	1.525946e-01	-6.192320e+01	1.970246e+00	1.000000e+05	8.651973e-01	7.851985e-01	7.864713e-01
CP021827.1	.	1238774	2	CAG	C	0.447	2.570879e-02	1.411692e-01	-6.194973e+01	1.909147e+00	1.000000e+05	8.562770e-01	8.841817e-01	8.848170e-01
CP021827.1	.	1238784	2	T	C	0.213	8.204878e-03	1.774053e-01	-6.196001e+01	1.966143e+00	1.000000e+05	9.633075e-01	9.795251e-01	9.796339e-01
CP021827.1	.	1238814	4	G	T	0.133	4.172278e-02	2.109871e-01	-6.194224e+01	1.921188e+00	1.000000e+05	8.440932e-01	8.491015e-01	8.499482e-01
CP021827.1	.	1251680	0	A	G	0.122	2.983241e-01	2.041235e-01	-6.179987e+01	1.240140e+00	1.000000e+05	1.505355e-01	5.710429e-01	5.743630e-01
CP021827.1	.	1251716	0	A	G	0.102	3.309397e-01	2.283578e-01	-6.165827e+01	1.370070e+00	1.000000e+05	1.539172e-01	4.370008e-01	4.422928e-01
CP021827.1	.	1251722	0	A	G	0.163	2.321733e-01	1.886948e-01	-6.148410e+01	1.679263e+00	1.000000e+05	2.246637e-01	3.290902e-01	3.364084e-01
CP021827.1	.	1251737	1	A	G	0.083	2.862061e-01	2.541022e-01	-6.168449e+01	1.531009e+00	1.000000e+05	2.657389e-01	4.576268e-01	4.625753e-01
CP021827.1	.	1251743	1	G	A	0.062	4.455176e-01	2.854501e-01	-6.098407e+01	1.576748e+00	1.000000e+05	1.252907e-01	1.623132e-01	1.730392e-01
CP021827.1	.	1251808	2	C	T	0.447	-3.310726e-02	1.396785e-01	-6.194986e+01	1.878140e+00	1.000000e+05	8.136677e-01	8.848860e-01	8.855172e-01
CP021827.1	.	1251859	2	G	C	0.128	-2.891261e-01	2.162221e-01	-6.087307e+01	2.594703e+00	1.000000e+05	1.876025e-01	1.403118e-01	1.513753e-01
CP021827.1	.	1272656	0	A	C	0.082	-2.768421e-02	2.668618e-01	-6.194859e+01	1.973900e+00	1.000000e+05	9.178172e-01	8.781649e-01	8.788356e-01
CP021828.1	.	162459	4	AAAGT	A	0.289	4.303815e-02	1.815152e-01	-6.195109e+01	1.914213e+00	1.000000e+05	8.136058e-01	8.918090e-01	8.924000e-01
CP021828.1	.	164965	0	C	CCG	0.306	4.635976e-02	1.570821e-01	-6.192626e+01	1.916714e+00	1.000000e+05	7.691938e-01	7.940265e-01	7.952367e-01
CP021828.1	.	168101	0	G	GT	0.020	-2.690581e-01	4.549925e-01	-6.140944e+01	2.221766e+00	1.000000e+05	5.571220e-01	2.938719e-01	3.019206e-01
CP021828.1	.	189160	2	A	G	0.021	-1.755609e-01	4.973793e-01	-6.166445e+01	2.113061e+00	1.000000e+05	7.256877e-01	4.417311e-01	4.469431e-01
CP021828.1	.	195354	0	G	GCA	0.041	1.181697e+00	3.367559e-01	-5.563867e+01	2.997810e+00	1.000000e+05	1.002505e-03	3.769085e-04	1.656037e-03
CP021828.1	.	195381	0	A	G	0.020	-4.438901e-01	4.845172e-01	-6.139418e+01	2.028873e+00	1.000000e+05	3.642656e-01	2.872830e-01	2.954707e-01
CP021828.1	.	220772	1	C	CTT	0.062	3.135667e-01	2.873004e-01	-6.188183e+01	1.273453e+00	1.000000e+05	2.806497e-01	6.919102e-01	6.939360e-01
CP021828.1	.	225129	0	T	C	0.020	1.309815e+00	4.767721e-01	-5.902426e+01	1.235763e+00	1.000000e+05	8.494060e-03	1.538229e-02	2.289033e-02
CP021828.1	.	225887	0	A	T	0.020	-4.665413e-01	4.285072e-01	-6.111561e+01	1.587810e+00	1.000000e+05	2.818113e-01	1.936719e-01	2.038205e-01
CP021828.1	.	225895	3	C	A	0.022	-1.682249e-02	4.177078e-01	-6.140555e+01	1.674141e+00	1.000000e+05	9.680458e-01	2.921737e-01	3.002581e-01
CP021828.1	.	225933	0	G	GGC	0.082	-3.272484e-01	2.618853e-01	-6.077293e+01	2.716912e+00	1.000000e+05	2.176376e-01	1.233065e-01	1.345699e-01
CP021828.1	.	227899	0	A	C	0.020	3.030847e-01	4.548361e-01	-6.195952e+01	1.579810e+00	1.000000e+05	5.084387e-01	9.677530e-01	9.679245e-01
CP021828.1	.	227901	0	G	T	0.041	2.531842e-01	3.199253e-01	-6.124024e+01	2.269086e+00	1.000000e+05	4.326950e-01	2.301074e-01	2.395103e-01
CP021828.1	.	245493	0	GGC	G	0.041	1.125637e-01	3.279226e-01	-6.186057e+01	1.926804e+00	1.000000e+05	7.329313e-01	6.550905e-01	6.574679e-01
CP021828.1	.	245841	1	GT	G	0.375	-5.987781e-02	1.538128e-01	-6.190274e+01	1.869649e+00	1.000000e+05	6.988197e-01	7.343118e-01	7.359730e-01
CP021828.1	.	247174	1	T	C	0.104	7.733229e-02	2.104752e-01	-6.196009e+01	1.777430e+00	1.000000e+05	7.149569e-01	9.822429e-01	9.823372e-01
CP021828.1	.	247211	0	T	G	0.367	2.305538e-02	1.485204e-01	-6.196020e+01	1.979342e+00	1.000000e+05	8.773018e-01	9.866217e-01	9.866927e-01
CP021828.1	.	247240	0	C	CT	0.449	-1.276089e-01	1.496899e-01	-6.165914e+01	1.938647e+00	1.000000e+05	3.982666e-01	4.376677e-01	4.429484e-01
CP021828.1	.	247256	0	T	C	0.429	-1.812538e-01	1.480381e-01	-6.129662e+01	1.937170e+00	1.000000e+05	2.269134e-01	2.492634e-01	2.582602e-01
CP021828.1	.	247264	0	G	T	0.020	3.413285e-01	4.720787e-01	-6.193229e+01	1.649486e+00	1.000000e+05	4.732425e-01	8.127680e-01	8.138496e-01
CP021828.1	.	247278	0	A	C	0.020	7.906432e-01	4.490611e-01	-6.069259e+01	1.586845e+00	1.000000e+05	8.480197e-02	1.113116e-01	1.226713e-01
CP021828.1	.	249146	0	ATT	A	0.347	4.128669e-02	1.448609e-01	-6.194298e+01	1.925847e+00	1.000000e+05	7.768892e-01	8.521894e-01	8.530171e-01
CP021828.1	.	256680	3	CG	C	0.283	-8.954925e-03	1.668775e-01	-6.190567e+01	1.963895e+00	1.000000e+05	9.574322e-01	7.408936e-01	7.425016e-01
CP021828.1	.	267152	0	CG	C	0.082	1.648168e-01	2.630971e-01	-6.184630e+01	1.665996e+00	1.000000e+05	5.340518e-01	6.329500e-01	6.355559e-01
CP021828.1	.	267473	2	C	T	0.085	2.808473e-01	2.491362e-01	-6.165672e+01	1.501741e+00	1.000000e+05	2.653448e-01	4.358341e-01	4.411460e-01
CP021828.1	.	267491	0	C	G	0.041	1.361592e-01	3.180942e-01	-6.195976e+01	1.730632e+00	1.000000e+05	6.705723e-01	9.728346e-01	9.729790e-01
CP021828.1	.	267541	3	G	GGT	0.435	7.540878e-02	1.530008e-01	-6.173876e+01	2.144577e+00	1.000000e+05	6.244028e-01	5.056039e-01	5.098104e-01
CP021828.1	.	267546	3	C	CG	0.413	1.681326e-02	1.562882e-01	-6.188412e+01	2.041124e+00	1.000000e+05	9.147880e-01	6.962198e-01	6.982066e-01
CP021828.1	.	268239	0	C	CGA	0.367	-3.127165e-01	1.406597e-01	-5.874245e+01	2.566755e+00	1.000000e+05	3.104697e-02	1.118448e-02	1.780877e-02
CP021828.1	.	272788	0	A	AC	0.061	-2.401424e-01	2.582871e-01	-6.146677e+01	1.632377e+00	1.000000e+05	3.572515e-01	3.204412e-01	3.279364e-01
CP021828.1	.	278508	0	G	GT	0.020	7.943649e-01	3.993016e-01	-5.952322e+01	2.552681e+00	1.000000e+05	5.249589e-02	2.726058e-02	3.640081e-02
CP021828.1	.	281319	0	C	A	0.082	-1.862005e-01	2.274052e-01	-6.139050e+01	1.808639e+00	1.000000e+05	4.170301e-01	2.857229e-01	2.939436e-01
CP021828.1	.	284748	0	T	G	0.204	-5.282073e-02	1.891554e-01	-6.188877e+01	2.099120e+00	1.000000e+05	7.812819e-01	7.051885e-01	7.070957e-01
CP021828.1	.	284766	1	C	A	0.292	-1.295807e-01	1.692351e-01	-6.123617e+01	2.429182e+00	1.000000e+05	4.476925e-01	2.287936e-01	2.382241e-01
CP021828.1	.	284773	1	T	C	0.354	-1.255915e-02	1.642313e-01	-6.194106e+01	2.062687e+00	1.000000e+05	9.393679e-01	8.443153e-01	8.451920e-01
CP021828.1	.	284794	1	A	G	0.354	-6.992937e-02	1.616699e-01	-6.165729e+01	2.263565e+00	1.000000e+05	6.673244e-01	4.362653e-01	4.415698e-01
CP021828.1	.	284848	0	T	C	0.061	-4.986335e-02	3.051882e-01	-6.179831e+01	2.054272e+00	1.000000e+05	8.709154e-01	5.691818e-01	5.725252e-01
CP021828.1	.	284860	0	G	A	0.020	3.801219e-01	4.748610e-01	-6.176895e+01	1.788909e+00	1.000000e+05	4.274544e-01	5.361248e-01	5.399002e-01
CP021828.1	.	285106	0	C	G	0.204	-1.273607e-01	1.802853e-01	-6.167240e+01	2.106739e+00	1.000000e+05	4.834023e-01	4.479299e-01	4.530380e-01
CP021828.1	.	285187	0	G	C	0.041	-2.812901e-01	3.394354e-01	-6.153525e+01	1.856396e+00	1.000000e+05	4.114630e-01	3.565052e-01	3.632750e-01
CP021828.1	.	285282	2	C	T	0.043	-2.211083e-02	3.589353e-01	-6.195287e+01	1.971878e+00	1.000000e+05	9.511417e-01	9.027255e-01	9.032540e-01
CP021828.1	.	285298	2	A	G	0.064	2.863033e-01	2.918197e-01	-6.124771e+01	2.025468e+00	1.000000e+05	3.315687e-01	2.325394e-01	2.418910e-01
CP021828.1	.	285301	3	A	G	0.087	-5.381906e-02	2.423569e-01	-6.192400e+01	1.915680e+00	1.000000e+05	8.252252e-01	7.874785e-01	7.887350e-01
CP021828.1	.	288053	1	GCC	G	0.167	1.159885e-01	1.982791e-01	-6.109495e+01	2.199917e+00	1.000000e+05	5.613620e-01	1.883127e-01	1.985656e-01
CP021828.1	.	288056	1	A	C	0.146	3.315562e-02	2.190866e-01	-6.186853e+01	1.999035e+00	1.000000e+05	8.803586e-01	6.682833e-01	6.705307e-01
CP021828.1	.	288081	1	CGCGAGT	C	0.062	7.523312e-01	2.876488e-01	-5.779696e+01	3.177618e+00	1.000000e+05	1.194139e-02	3.906519e-03	8.059635e-03
CP021828.1	.	291191	0	C	CG	0.449	7.416219e-02	1.642854e-01	-6.195575e+01	1.754223e+00	1.000000e+05	6.537610e-01	9.236998e-01	9.241106e-01
CP021828.1	.	292665	2	TA	T	0.447	1.826701e-01	1.477669e-01	-6.151926e+01	1.622948e+00	1.000000e+05	2.225250e-01	3.476145e-01	3.545599e-01
CP021828.1	.	296579	3	T	TC	0.065	-5.688465e-02	2.705361e-01	-6.150443e+01	2.041966e+00	1.000000e+05	8.343687e-01	3.396351e-01	3.467400e-01
CP021828.1	.	297100	0	A	T	0.041	-9.893938e-02	3.276279e-01	-6.167769e+01	1.865581e+00	1.000000e+05	7.639943e-01	4.521324e-01	4.571709e-01
CP021828.1	.	297103	0	A	T	0.020	3.359342e-01	4.658628e-01	-6.097541e+01	2.413214e+00	1.000000e+05	4.744191e-01	1.604628e-01	1.712199e-01
CP021828.1	.	297736	0	A	G	0.184	1.257391e-01	1.813362e-01	-6.128343e+01	2.290611e+00	1.000000e+05	4.914691e-01	2.446124e-01	2.537082e-01
CP021828.1	.	297754	2	A	G	0.085	6.179459e-02	2.429278e-01	-6.193152e+01	1.891262e+00	1.000000e+05	8.003161e-01	8.102831e-01	8.113815e-01
CP021828.1	.	297802	1	G	A	0.021	-3.268475e-02	4.908417e-01	-6.195480e+01	1.912918e+00	1.000000e+05	9.471912e-01	9.161488e-01	9.166015e-01
CP021828.1	.	298110	0	G	C	0.224	2.850662e-02	1.625205e-01	-6.190222e+01	1.830971e+00	1.000000e+05	8.615163e-01	7.331437e-01	7.348143e-01
CP021828.1	.	298986	0	T	C	0.020	-5.461546e-01	4.403159e-01	-6.106730e+01	2.041977e+00	1.000000e+05	2.209952e-01	1.814051e-01	1.917895e-01
CP021828.1	.	299051	2	C	T	0.043	-2.039971e-01	3.531519e-01	-6.148591e+01	2.220213e+00	1.000000e+05	5.662597e-01	3.300100e-01	3.373095e-01
CP021828.1	.	300818	2	A	G	0.340	-5.303398e-02	1.453405e-01	-6.194754e+01	1.841014e+00	1.000000e+05	7.168268e-01	8.729117e-01	8.736136e-01
CP021828.1	.	301039	4	A	C	0.044	1.535728e-02	3.541605e-01	-6.190142e+01	1.938844e+00	1.000000e+05	9.655963e-01	7.313841e-01	7.330691e-01
CP021828.1	.	301132	0	T	C	0.449	-1.573817e-02	1.409893e-01	-6.184643e+01	1.982117e+00	1.000000e+05	9.115948e-01	6.331543e-01	6.357581e-01
CP021828.1	.	301231	0	G	A	0.184	-2.101389e-01	1.811954e-01	-6.144808e+01	2.112574e+00	1.000000e+05	2.520139e-01	3.114518e-01	3.191328e-01
CP021828.1	.	301273	3	C	T	0.087	7.416882e-02	2.735855e-01	-6.176538e+01	1.927655e+00	1.000000e+05	7.875019e-01	5.323427e-01	5.361699e-01
CP021828.1	.	301297	0	A	G	0.061	2.820378e-01	3.101649e-01	-6.092780e+01	2.043769e+00	1.000000e+05	3.678231e-01	1.507078e-01	1.616210e-01
CP021828.1	.	301548	0	C	T	0.102	-1.877193e-01	2.242286e-01	-6.189730e+01	1.694602e+00	1.000000e+05	4.067292e-01	7.225391e-01	7.242975e-01
CP021828.1	.	301581	0	T	C	0.102	-3.143569e-02	2.358844e-01	-6.160757e+01	2.082085e+00	1.000000e+05	8.945509e-01	4.009304e-01	4.068583e-01
CP021828.1	.	302464	0	G	T	0.061	-4.098457e-01	2.541083e-01	-6.091691e+01	1.637051e+00	1.000000e+05	1.134664e-01	1.485708e-01	1.595164e-01
CP021828.1	.	360934	0	T	C	0.020	-1.273534e-01	5.341831e-01	-6.195256e+01	2.042320e+00	1.000000e+05	8.126013e-01	9.007363e-01	9.012761e-01
CP021828.1	.	364930	2	A	G	0.043	-3.199377e-01	3.318396e-01	-6.173203e+01	1.751213e+00	1.000000e+05	3.399137e-01	4.992085e-01	5.035092e-01
CP021828.1	.	364939	1	G	A	0.083	3.062979e-02	2.354217e-01	-6.130254e+01	1.936514e+00	1.000000e+05	8.970378e-01	2.513852e-01	2.603368e-01
CP021828.1	.	365005	0	G	A	0.020	-2.799047e-01	4.460622e-01	-6.175690e+01	1.735197e+00	1.000000e+05	5.333675e-01	5.235573e-01	5.275064e-01
CP021828.1	.	365016	1	C	G	0.042	-1.550067e-01	3.177418e-01	-6.176832e+01	1.744617e+00	1.000000e+05	6.279323e-01	5.354496e-01	5.392342e-01
CP021828.1	.	365134	0	T	G	0.061	1.875894e-01	2.719660e-01	-6.158097e+01	2.012272e+00	1.000000e+05	4.937412e-01	3.837239e-01	3.899705e-01
CP021828.1	.	365146	1	G	A	0.104	2.434019e-01	2.250816e-01	-6.155952e+01	1.742581e+00	1.000000e+05	2.850395e-01	3.706063e-01	3.771022e-01
CP021828.1	.	365169	0	T	A	0.061	2.617687e-02	2.841108e-01	-6.195695e+01	1.897940e+00	1.000000e+05	9.269815e-01	9.343510e-01	9.347031e-01
CP021828.1	.	365170	0	T	G	0.041	3.045003e-01	3.568541e-01	-6.171091e+01	1.843046e+00	1.000000e+05	3.978260e-01	4.800028e-01	4.845952e-01
CP021828.1	.	365221	0	A	G	0.224	-1.705877e-01	1.607079e-01	-6.114630e+01	1.884360e+00	1.000000e+05	2.938973e-01	2.019694e-01	2.119531e-01
CP021828.1	.	365233	3	T	G	0.370	1.272501e-01	1.537952e-01	-6.158023e+01	1.981534e+00	1.000000e+05	4.121921e-01	3.832588e-01	3.895142e-01
CP021828.1	.	365248	2	A	G	0.191	2.717360e-01	1.795501e-01	-6.122381e+01	1.374799e+00	1.000000e+05	1.368671e-01	2.248641e-01	2.343771e-01
CP021828.1	.	365251	4	T	C	0.178	3.582729e-01	1.840238e-01	-6.061091e+01	1.197319e+00	1.000000e+05	5.753868e-02	1.004198e-01	1.118249e-01
CP021828.1	.	365254	2	A	G	0.149	1.002035e-01	2.084717e-01	-6.193468e+01	1.775482e+00	1.000000e+05	6.329896e-01	8.207932e-01	8.218214e-01
CP021828.1	.	365264	2	G	C	0.468	-1.562741e-01	1.492218e-01	-6.195975e+01	1.184951e+00	1.000000e+05	3.003353e-01	9.727585e-01	9.729032e-01
CP021828.1	.	365296	3	A	G	0.261	1.230925e-01	1.821681e-01	-6.194447e+01	1.748481e+00	1.000000e+05	5.025372e-01	8.585937e-01	8.593820e-01
CP021828.1	.	365299	1	A	G	0.354	8.027642e-02	1.592072e-01	-6.188774e+01	1.793014e+00	1.000000e+05	6.164582e-01	7.031788e-01	7.051036e-01
CP021828.1	.	365326	2	A	G	0.277	9.679034e-02	1.755589e-01	-6.184560e+01	1.608027e+00	1.000000e+05	5.840214e-01	6.319060e-01	6.345231e-01
CP021828.1	.	365329	2	G	C	0.468	2.920703e-02	1.467421e-01	-6.195651e+01	1.929370e+00	1.000000e+05	8.430928e-01	9.303108e-01	9.306850e-01
CP021828.1	.	365413	3	T	A	0.174	1.880389e-01	1.984793e-01	-6.060979e+01	2.494836e+00	1.000000e+05	3.482820e-01	1.002798e-01	1.116852e-01
CP021828.1	.	365437	0	G	T	0.041	-2.108542e-01	3.469040e-01	-6.156994e+01	2.218804e+00	1.000000e+05	5.462348e-01	3.768981e-01	3.832738e-01
CP021828.1	.	365455	2	A	G	0.213	1.386750e-01	1.862168e-01	-6.179295e+01	1.722885e+00	1.000000e+05	4.601628e-01	5.628593e-01	5.662826e-01
CP021828.1	.	365462	2	C	G	0.191	1.389265e-01	2.006391e-01	-6.195007e+01	1.531291e+00	1.000000e+05	4.920808e-01	8.860676e-01	8.866919e-01
CP021828.1	.	365470	3	T	C	0.217	5.968272e-03	1.918995e-01	-6.195570e+01	2.023345e+00	1.000000e+05	9.753207e-01	9.232385e-01	9.236518e-01
CP021828.1	.	365473	4	C	T	0.178	1.590149e-01	2.060738e-01	-6.195464e+01	1.522956e+00	1.000000e+05	4.441900e-01	9.149806e-01	9.154399e-01
CP021828.1	.	365506	1	A	G	0.188	-2.229658e-02	1.872406e-01	-6.190667e+01	2.021549e+00	1.000000e+05	9.057196e-01	7.431869e-01	7.447767e-01
CP021828.1	.	365512	0	A	G	0.347	1.602792e-01	1.506479e-01	-6.145515e+01	1.881715e+00	1.000000e+05	2.927951e-01	3.148139e-01	3.224252e-01
CP021828.1	.	365529	3	A	C	0.457	-9.018021e-02	1.539018e-01	-6.173139e+01	1.911321e+00	1.000000e+05	5.607062e-01	4.986129e-01	5.029225e-01
CP021828.1	.	365581	3	G	T	0.326	-3.947358e-02	1.634294e-01	-6.176741e+01	2.107900e+00	1.000000e+05	8.101928e-01	5.344834e-01	5.382812e-01
CP021828.1	.	365593	0	G	A	0.143	1.301905e-01	2.012604e-01	-6.161018e+01	1.913630e+00	1.000000e+05	5.208591e-01	4.026802e-01	4.085763e-01
CP021828.1	.	365602	1	A	G	0.146	1.604549e-01	2.111063e-01	-6.188723e+01	1.668816e+00	1.000000e+05	4.510107e-01	7.021827e-01	7.041164e-01
CP021828.1	.	365605	0	T	G	0.082	3.953806e-01	2.635075e-01	-6.130774e+01	1.303875e+00	1.000000e+05	1.401854e-01	2.532676e-01	2.621791e-01
CP021828.1	.	365659	0	A	G	0.041	9.138225e-02	3.447100e-01	-6.196028e+01	1.819242e+00	1.000000e+05	7.920925e-01	9.911295e-01	9.911766e-01
CP021828.1	.	365733	1	G	T	0.333	-1.404535e-02	1.644830e-01	-6.193191e+01	2.025115e+00	1.000000e+05	9.323134e-01	8.115335e-01	8.126234e-01
CP021828.1	.	365740	2	G	A	0.255	2.608772e-02	1.852423e-01	-6.194430e+01	2.023159e+00	1.000000e+05	8.886059e-01	8.578426e-01	8.586354e-01
CP021828.1	.	365743	4	G	C	0.267	3.296874e-02	1.899426e-01	-6.195460e+01	2.026364e+00	1.000000e+05	8.629471e-01	9.146898e-01	9.151507e-01
CP021828.1	.	365766	0	T	C	0.224	5.415876e-02	1.827268e-01	-6.178762e+01	2.065395e+00	1.000000e+05	7.682365e-01	5.567051e-01	5.602074e-01
CP021828.1	.	365781	0	T	C	0.041	-1.496619e-03	3.421065e-01	-6.187443e+01	1.923853e+00	1.000000e+05	9.965280e-01	6.784984e-01	6.806483e-01
CP021828.1	.	365794	2	A	G	0.064	2.828976e-01	2.861017e-01	-6.161681e+01	1.863560e+00	1.000000e+05	3.278240e-01	4.071677e-01	4.129825e-01
CP021828.1	.	365824	4	G	C	0.044	5.039339e-01	3.678119e-01	-6.106547e+01	1.955128e+00	1.000000e+05	1.771696e-01	1.809595e-01	1.913523e-01
CP021828.1	.	365839	2	G	A	0.191	3.640188e-02	1.887409e-01	-6.194849e+01	1.990150e+00	1.000000e+05	8.478942e-01	8.776803e-01	8.783539e-01
CP021828.1	.	365881	3	C	A	0.109	1.249330e-01	2.214297e-01	-6.181612e+01	1.978051e+00	1.000000e+05	5.752934e-01	5.912212e-01	5.942959e-01
CP021828.1	.	365899	1	C	G	0.438	-1.901957e-01	1.479547e-01	-6.087609e+01	2.206555e+00	1.000000e+05	2.049161e-01	1.408645e-01	1.519205e-01
CP021828.1	.	365931	4	C	T	0.333	-3.525106e-02	1.675933e-01	-6.195936e+01	2.030516e+00	1.000000e+05	8.343140e-01	9.646384e-01	9.648266e-01
CP021828.1	.	392642	2	A	G	0.489	-4.502876e-02	1.404929e-01	-6.192946e+01	1.898453e+00	1.000000e+05	7.500058e-01	8.037438e-01	8.048866e-01
CP021828.1	.	392819	0	G	C	0.224	4.152786e-01	1.637544e-01	-5.903002e+01	2.040943e+00	1.000000e+05	1.459638e-02	1.548321e-02	2.300979e-02
CP021828.1	.	626056	1	C	T	0.125	-3.373391e-04	2.443045e-01	-6.188114e+01	2.061319e+00	1.000000e+05	9.989041e-01	6.906450e-01	6.926823e-01
CP021828.1	.	626067	0	AG	A	0.143	1.713473e-01	2.227489e-01	-6.173932e+01	1.899557e+00	1.000000e+05	4.455998e-01	5.061461e-01	5.103446e-01
CP021828.1	.	626086	1	C	T	0.167	6.747216e-02	2.135227e-01	-6.193967e+01	1.878082e+00	1.000000e+05	7.534051e-01	8.388821e-01	8.397932e-01
CP021828.1	.	626107	3	C	T	0.217	-1.561780e-01	1.865881e-01	-6.160549e+01	2.132572e+00	1.000000e+05	4.068171e-01	3.995467e-01	4.054999e-01
CP021828.1	.	626113	3	T	C	0.196	-5.839103e-02	2.080161e-01	-6.195766e+01	2.083410e+00	1.000000e+05	7.801691e-01	9.416472e-01	9.419594e-01
CP021828.1	.	626140	2	C	G	0.064	1.041337e-01	2.856092e-01	-6.194986e+01	1.772581e+00	1.000000e+05	7.170438e-01	8.849174e-01	8.855485e-01
CP021828.1	.	626152	0	G	A	0.204	-2.878940e-01	2.122517e-01	-6.030757e+01	3.383744e+00	1.000000e+05	1.814586e-01	6.904713e-02	8.024417e-02
CP021828.1	.	626167	2	C	T	0.255	-7.979048e-02	1.756555e-01	-6.186778e+01	2.014561e+00	1.000000e+05	6.517441e-01	6.670167e-01	6.692764e-01
CP021828.1	.	626170	3	C	G	0.217	-7.727127e-02	2.030515e-01	-6.181317e+01	2.180834e+00	1.000000e+05	7.052517e-01	5.874563e-01	5.905758e-01
CP021828.1	.	626221	0	C	G	0.490	-2.918808e-01	1.513756e-01	-6.083543e+01	1.411542e+00	1.000000e+05	5.988509e-02	1.336309e-01	1.447805e-01
CP021828.1	.	626227	1	T	C	0.479	2.663061e-01	1.594234e-01	-6.131799e+01	1.299880e+00	1.000000e+05	1.014811e-01	2.570259e-01	2.658573e-01
CP021828.1	.	626260	2	C	T	0.489	-5.144493e-01	1.316067e-01	-5.822987e+01	3.447873e-01	1.000000e+05	2.963022e-04	6.305232e-03	1.148493e-02
CP021828.1	.	626271	0	T	TC	0.469	4.784480e-01	1.437877e-01	-5.830785e+01	6.824998e-01	1.000000e+05	1.708639e-03	6.876373e-03	1.226025e-02
CP021828.1	.	626284	3	A	C	0.435	4.581268e-01	1.279089e-01	-6.106248e+01	1.000000e-05	1.000000e+05	8.070283e-04	1.802321e-01	1.906386e-01
CP021828.1	.	626286	3	A	C	0.457	4.757377e-01	1.317048e-01	-5.997127e+01	8.371165e-02	1.000000e+05	7.363342e-04	4.609455e-02	5.657868e-02
CP021828.1	.	626293	0	T	C	0.388	4.040411e-01	1.594582e-01	-6.077354e+01	5.912902e-01	1.000000e+05	1.467506e-02	1.234029e-01	1.346653e-01
CP021828.1	.	626298	1	C	T	0.438	3.669054e-01	1.515272e-01	-6.162596e+01	5.264177e-01	1.000000e+05	1.937518e-02	4.134839e-01	4.191855e-01
CP021828.1	.	626305	2	A	G	0.383	4.405109e-01	1.510751e-01	-6.072420e+01	3.725188e-01	1.000000e+05	5.421074e-03	1.158695e-01	1.271977e-01
CP021828.1	.	626308	1	G	T	0.396	3.637745e-01	1.490867e-01	-6.107932e+01	4.469511e-01	1.000000e+05	1.851263e-02	1.843707e-01	1.946991e-01
CP021828.1	.	661775	1	C	T	0.208	5.817776e-02	1.722162e-01	-6.192159e+01	1.976007e+00	1.000000e+05	7.370044e-01	7.807283e-01	7.820333e-01
CP021828.1	.	897897	1	T	C	0.021	-1.194860e-01	4.892078e-01	-6.188500e+01	1.852282e+00	1.000000e+05	8.081050e-01	6.978983e-01	6.998701e-01
CP021828.1	.	898518	0	G	C	0.041	8.222194e-01	3.148531e-01	-5.834769e+01	2.338113e+00	1.000000e+05	1.206408e-02	7.188339e-03	1.267879e-02
CP021828.1	.	911042	0	A	T	0.020	-3.363758e-01	4.537069e-01	-6.192494e+01	1.407985e+00	1.000000e+05	4.621429e-01	7.901740e-01	7.914114e-01
CP021828.1	.	994802	1	C	T	0.062	1.137046e-01	2.747349e-01	-6.175997e+01	2.042563e+00	1.000000e+05	6.808517e-01	5.267056e-01	5.306107e-01
CP021828.1	.	994803	0	A	C	0.061	-1.266436e-01	2.604212e-01	-6.177713e+01	1.860238e+00	1.000000e+05	6.290123e-01	5.449645e-01	5.486209e-01
CP021828.1	.	995452	0	T	C	0.041	-2.157285e-02	3.530721e-01	-6.195678e+01	1.944263e+00	1.000000e+05	9.515383e-01	9.327775e-01	9.331382e-01
CP021828.1	.	1322288	2	C	G	0.021	-4.119693e-01	5.129535e-01	-6.188707e+01	1.971026e+00	1.000000e+05	4.259416e-01	7.018662e-01	7.038027e-01
CP021828.1	.	1322354	0	G	A	0.041	4.858531e-01	3.734062e-01	-6.089687e+01	1.696073e+00	1.000000e+05	1.995539e-01	1.447295e-01	1.557314e-01
CP021828.1	.	1452970	0	G	T	0.020	-1.090185e+00	4.465273e-01	-5.841297e+01	2.863804e+00	1.000000e+05	1.844670e-02	7.731101e-03	1.339941e-02
CP021828.1	.	1452986	2	CA	C	0.064	4.419865e-01	2.922206e-01	-6.131851e+01	1.455748e+00	1.000000e+05	1.370998e-01	2.572197e-01	2.660469e-01
CP021828.1	.	1471780	2	G	A	0.468	-9.321690e-03	1.421886e-01	-6.167880e+01	1.972876e+00	1.000000e+05	9.480073e-01	4.530250e-01	4.580489e-01
