chr	rs	ps	n_miss	allele1	allele0	af	beta	se	logl_H1	l_remle	l_mle	p_wald	p_lrt	p_score
CP021825.1	.	10624	0	T	TCTGGCCGGACG	0.184	-2.614720e-02	1.761398e-01	-6.158833e+01	1.357902e+00	1.000000e+05	8.826261e-01	7.963870e-01	7.975807e-01
CP021825.1	.	218304	0	T	C	0.020	1.737851e-01	4.547582e-01	-6.158389e+01	1.271869e+00	1.000000e+05	7.040739e-01	7.835444e-01	7.848291e-01
CP021825.1	.	526844	0	G	T	0.020	3.883029e-01	4.462066e-01	-6.103940e+01	1.538891e+00	1.000000e+05	3.885971e-01	2.805472e-01	2.888776e-01
CP021825.1	.	1038788	1	G	C	0.312	-1.931388e-01	1.483641e-01	-6.068724e+01	1.578979e+00	1.000000e+05	1.993329e-01	1.716163e-01	1.821804e-01
CP021825.1	.	1038838	4	C	T	0.244	3.697866e-02	1.696962e-01	-6.161197e+01	1.331410e+00	1.000000e+05	8.284419e-01	8.894947e-01	8.900991e-01
CP021825.1	.	1247320	0	T	C	0.020	-3.373660e-02	4.457802e-01	-6.151851e+01	1.214105e+00	1.000000e+05	9.399950e-01	6.497390e-01	6.521704e-01
CP021825.1	.	1356055	0	T	TC	0.163	1.812754e-01	1.915581e-01	-6.154221e+01	9.304871e-01	1.000000e+05	3.488252e-01	6.902416e-01	6.922826e-01
CP021825.1	.	1358090	0	G	T	0.041	2.263891e-01	3.303045e-01	-6.150285e+01	1.222882e+00	1.000000e+05	4.964615e-01	6.259857e-01	6.286664e-01
CP021825.1	.	1358203	0	ATG	A	0.388	8.462259e-04	1.464153e-01	-6.159131e+01	1.393040e+00	1.000000e+05	9.954130e-01	8.055185e-01	8.066492e-01
CP021825.1	.	1360089	0	C	T	0.020	2.100926e-01	4.889767e-01	-6.154368e+01	1.368690e+00	1.000000e+05	6.694080e-01	6.929783e-01	6.949944e-01
CP021825.1	.	1377217	0	G	A	0.020	3.313551e-01	4.448155e-01	-6.102706e+01	1.530742e+00	1.000000e+05	4.600247e-01	2.755063e-01	2.839439e-01
CP021825.1	.	1377263	2	G	C	0.213	1.645947e-01	1.781698e-01	-6.157680e+01	9.312351e-01	1.000000e+05	3.603049e-01	7.646376e-01	7.660614e-01
CP021825.1	.	1377284	3	A	C	0.087	5.231087e-01	2.393199e-01	-6.021911e+01	7.639376e-01	1.000000e+05	3.384574e-02	9.396961e-02	1.053784e-01
CP021825.1	.	1377293	1	G	C	0.146	3.878130e-01	1.928554e-01	-6.099679e+01	6.249262e-01	1.000000e+05	5.009188e-02	2.636171e-01	2.723080e-01
CP021825.1	.	1377296	0	T	C	0.184	3.043085e-01	1.799772e-01	-6.137104e+01	5.986915e-01	1.000000e+05	9.749410e-02	4.789870e-01	4.835953e-01
CP021825.1	.	1377315	0	G	C	0.102	3.437542e-01	2.208898e-01	-6.124089e+01	8.230207e-01	1.000000e+05	1.263633e-01	3.828738e-01	3.891364e-01
CP021825.1	.	1377395	0	C	T	0.061	2.544842e-01	2.695355e-01	-6.146867e+01	1.126932e+00	1.000000e+05	3.499172e-01	5.802005e-01	5.834076e-01
CP021825.1	.	1377398	0	T	C	0.020	1.285154e+00	4.524024e-01	-5.756198e+01	1.372532e+00	1.000000e+05	6.633771e-03	4.379702e-03	8.762336e-03
CP021825.1	.	1377584	2	A	G	0.106	-3.514242e-03	2.333104e-01	-6.159173e+01	1.373381e+00	1.000000e+05	9.880461e-01	8.068240e-01	8.079458e-01
CP021825.1	.	1377602	1	C	T	0.125	-1.288616e-01	2.166984e-01	-6.154145e+01	1.380484e+00	1.000000e+05	5.549237e-01	6.888384e-01	6.908922e-01
CP021825.1	.	1377690	0	A	G	0.041	-2.684472e-01	3.592485e-01	-6.121864e+01	1.474272e+00	1.000000e+05	4.586370e-01	3.693151e-01	3.758358e-01
CP021825.1	.	1377704	1	A	T	0.500	1.228978e-01	1.385568e-01	-6.121761e+01	1.401415e+00	1.000000e+05	3.796033e-01	3.687027e-01	3.752352e-01
CP021825.1	.	1377749	0	A	C	0.041	2.074855e-01	3.215935e-01	-6.135567e+01	1.403964e+00	1.000000e+05	5.219480e-01	4.658058e-01	4.706221e-01
CP021825.1	.	1377794	0	G	C	0.082	1.391006e-01	2.342558e-01	-6.103861e+01	1.620484e+00	1.000000e+05	5.554945e-01	2.802198e-01	2.885572e-01
CP021825.1	.	1377877	2	A	G	0.128	-8.651771e-02	2.009411e-01	-6.158508e+01	1.260091e+00	1.000000e+05	6.687547e-01	7.868993e-01	7.881600e-01
CP021825.1	.	1732471	0	A	AT	0.061	-2.132103e-01	3.166067e-01	-6.104206e+01	1.843289e+00	1.000000e+05	5.039762e-01	2.816481e-01	2.899552e-01
CP021825.1	.	1732500	1	G	A	0.083	-2.174898e-01	2.628445e-01	-6.126260e+01	1.540075e+00	1.000000e+05	4.121655e-01	3.967870e-01	4.027908e-01
CP021825.1	.	1732515	1	T	G	0.292	2.486371e-01	1.590866e-01	-6.151024e+01	4.973044e-01	1.000000e+05	1.247842e-01	6.369394e-01	6.395031e-01
CP021825.1	.	1732521	0	G	T	0.224	1.376967e-01	1.783921e-01	-6.159072e+01	9.624774e-01	1.000000e+05	4.440512e-01	8.036787e-01	8.048220e-01
CP021825.1	.	1732545	3	A	G	0.304	4.071384e-01	1.614349e-01	-5.860755e+01	1.015114e+00	1.000000e+05	1.511586e-02	1.407952e-02	2.133801e-02
CP021825.1	.	1732551	1	T	C	0.312	3.119765e-01	1.594488e-01	-6.054347e+01	7.908801e-01	1.000000e+05	5.635134e-02	1.419864e-01	1.530269e-01
CP021825.1	.	1732566	2	C	A	0.404	9.475186e-02	1.493216e-01	-6.143784e+01	1.296978e+00	1.000000e+05	5.287996e-01	5.443342e-01	5.479990e-01
CP021825.1	.	1732594	3	A	G	0.174	9.864771e-02	1.900633e-01	-6.162152e+01	1.137550e+00	1.000000e+05	6.061783e-01	9.887272e-01	9.887870e-01
CP021825.1	.	1904758	0	G	C	0.041	-4.113209e-03	3.573186e-01	-6.159640e+01	1.403005e+00	1.000000e+05	9.908642e-01	8.223040e-01	8.233223e-01
CP021826.1	.	143947	0	AT	A	0.469	1.948970e-02	1.388776e-01	-6.157327e+01	1.398798e+00	1.000000e+05	8.889933e-01	7.558288e-01	7.573197e-01
CP021826.1	.	148361	3	CA	C	0.022	3.680530e-01	4.359558e-01	-6.132214e+01	1.296909e+00	1.000000e+05	4.028100e-01	4.389774e-01	4.442358e-01
CP021827.1	.	12013	3	A	AT	0.478	2.203088e-01	1.478865e-01	-6.094473e+01	9.744396e-01	1.000000e+05	1.429796e-01	2.446180e-01	2.537137e-01
CP021827.1	.	12058	0	A	AGGG	0.469	2.170294e-01	1.417338e-01	-6.079080e+01	1.104147e+00	1.000000e+05	1.324123e-01	1.973824e-01	2.074577e-01
CP021827.1	.	16476	4	AC	A	0.467	-1.914125e-01	1.474837e-01	-6.102917e+01	1.477503e+00	1.000000e+05	2.006706e-01	2.763592e-01	2.847786e-01
CP021827.1	.	74787	2	A	G	0.043	2.280435e-01	3.491711e-01	-6.069015e+01	1.809061e+00	1.000000e+05	5.168744e-01	1.722847e-01	1.828368e-01
CP021827.1	.	74828	0	G	C	0.061	-7.241594e-03	3.013931e-01	-6.161960e+01	1.394965e+00	1.000000e+05	9.809327e-01	9.493511e-01	9.496215e-01
CP021827.1	.	74859	1	GC	G	0.208	1.880410e-01	1.670298e-01	-6.054743e+01	1.536154e+00	1.000000e+05	2.659691e-01	1.427202e-01	1.537506e-01
CP021827.1	.	74963	0	CG	C	0.163	2.366807e-01	1.755414e-01	-6.046731e+01	1.361594e+00	1.000000e+05	1.840271e-01	1.286577e-01	1.398653e-01
CP021827.1	.	74986	3	G	C	0.043	1.323334e-01	3.313079e-01	-6.137414e+01	1.410286e+00	1.000000e+05	6.913878e-01	4.817235e-01	4.862893e-01
CP021827.1	.	109668	0	C	G	0.082	-3.208237e-01	2.439173e-01	-6.045502e+01	1.534675e+00	1.000000e+05	1.947910e-01	1.266403e-01	1.378698e-01
CP021827.1	.	302275	3	A	AT	0.152	3.023774e-01	1.917221e-01	-6.065184e+01	1.489368e+00	1.000000e+05	1.214653e-01	1.637150e-01	1.744173e-01
CP021827.1	.	322944	0	C	T	0.061	-6.659161e-02	3.018500e-01	-6.117021e+01	1.559597e+00	1.000000e+05	8.263504e-01	3.420257e-01	3.490827e-01
CP021827.1	.	322957	0	T	C	0.082	-8.213536e-02	2.454250e-01	-6.154204e+01	1.373499e+00	1.000000e+05	7.393662e-01	6.899308e-01	6.919747e-01
CP021827.1	.	352369	0	G	C	0.061	1.446541e-01	2.991961e-01	-6.152907e+01	1.321498e+00	1.000000e+05	6.310026e-01	6.670290e-01	6.692886e-01
CP021827.1	.	352549	0	C	T	0.163	2.352941e-01	1.807618e-01	-6.011660e+01	1.609702e+00	1.000000e+05	1.993699e-01	8.274989e-02	9.411419e-02
CP021827.1	.	352609	0	G	A	0.122	7.590950e-02	2.023278e-01	-6.156678e+01	1.291556e+00	1.000000e+05	7.092139e-01	7.404964e-01	7.421076e-01
CP021827.1	.	359548	0	C	A	0.224	3.130665e-02	1.843312e-01	-6.162118e+01	1.403821e+00	1.000000e+05	8.658656e-01	9.763604e-01	9.764860e-01
CP021827.1	.	359571	1	G	A	0.354	1.565745e-01	1.585890e-01	-6.122186e+01	1.313492e+00	1.000000e+05	3.285527e-01	3.712358e-01	3.777196e-01
CP021827.1	.	359578	0	G	T	0.388	1.644486e-01	1.457825e-01	-6.106832e+01	1.305630e+00	1.000000e+05	2.650284e-01	2.928214e-01	3.008922e-01
CP021827.1	.	387590	0	C	G	0.020	-7.944674e-01	4.311579e-01	-5.974367e+01	1.252464e+00	1.000000e+05	7.169465e-02	5.262110e-02	6.338122e-02
CP021827.1	.	392984	0	ACC	A	0.020	4.378312e-02	4.751277e-01	-6.150985e+01	1.282390e+00	1.000000e+05	9.269703e-01	6.363479e-01	6.389179e-01
CP021827.1	.	399746	1	C	A	0.146	-1.669489e-01	1.898704e-01	-6.044838e+01	1.826448e+00	1.000000e+05	3.837239e-01	1.255662e-01	1.368070e-01
CP021827.1	.	418234	0	T	G	0.020	7.746911e-02	4.435779e-01	-6.162010e+01	1.252775e+00	1.000000e+05	8.621080e-01	9.559315e-01	9.561664e-01
CP021827.1	.	431565	0	G	C	0.041	-2.362961e-01	3.575293e-01	-6.147307e+01	1.387576e+00	1.000000e+05	5.118942e-01	5.857005e-01	5.888410e-01
CP021827.1	.	431583	1	T	C	0.062	-3.048343e-01	2.931922e-01	-6.090884e+01	1.688336e+00	1.000000e+05	3.037948e-01	2.324885e-01	2.418412e-01
CP021827.1	.	431631	3	C	A	0.065	-2.092274e-01	2.926118e-01	-6.138789e+01	1.371608e+00	1.000000e+05	4.781250e-01	4.941596e-01	4.985358e-01
CP021827.1	.	431663	3	G	A	0.348	1.050218e-01	1.501891e-01	-6.116724e+01	1.676477e+00	1.000000e+05	4.878338e-01	3.404423e-01	3.475310e-01
CP021827.1	.	431703	0	C	G	0.408	1.086446e-01	1.442399e-01	-6.116484e+01	1.571600e+00	1.000000e+05	4.550733e-01	3.391725e-01	3.462867e-01
CP021827.1	.	431760	4	C	G	0.356	3.937873e-02	1.496211e-01	-6.160982e+01	1.301877e+00	1.000000e+05	7.935547e-01	8.779139e-01	8.785861e-01
CP021827.1	.	431808	0	C	T	0.102	-2.024447e-01	2.197750e-01	-6.154008e+01	1.069100e+00	1.000000e+05	3.616789e-01	6.863418e-01	6.884186e-01
CP021827.1	.	431838	0	A	C	0.041	-2.063533e-01	3.381403e-01	-6.155759e+01	1.239973e+00	1.000000e+05	5.446295e-01	7.204400e-01	7.222160e-01
CP021827.1	.	431967	3	G	T	0.087	-1.081372e-01	2.436161e-01	-6.161620e+01	1.162031e+00	1.000000e+05	6.591637e-01	9.170438e-01	9.174916e-01
CP021827.1	.	431968	4	C	T	0.044	-4.864517e-02	3.281417e-01	-6.157781e+01	1.240333e+00	1.000000e+05	8.827841e-01	7.672180e-01	7.686224e-01
CP021827.1	.	432981	0	C	A	0.020	-5.711948e-01	4.712313e-01	-6.089738e+01	1.260399e+00	1.000000e+05	2.315201e-01	2.287716e-01	2.382026e-01
CP021827.1	.	444780	0	C	A	0.041	-1.697818e-02	3.328166e-01	-6.160553e+01	1.299393e+00	1.000000e+05	9.595309e-01	8.576049e-01	8.583992e-01
CP021827.1	.	452198	1	AG	A	0.125	-4.144795e-01	1.913908e-01	-5.900270e+01	1.746557e+00	1.000000e+05	3.544780e-02	2.210072e-02	3.064604e-02
CP021827.1	.	471937	1	C	CT	0.271	1.911086e-02	1.650326e-01	-6.156338e+01	1.445733e+00	1.000000e+05	9.083041e-01	7.328777e-01	7.345505e-01
CP021827.1	.	551651	0	T	G	0.020	1.537287e-01	4.336870e-01	-6.141670e+01	1.328244e+00	1.000000e+05	7.245728e-01	5.220467e-01	5.260170e-01
CP021827.1	.	554119	0	GA	G	0.429	2.017899e-01	1.355693e-01	-6.127653e+01	7.118069e-01	1.000000e+05	1.433085e-01	4.060991e-01	4.119332e-01
CP021827.1	.	556422	0	T	TC	0.143	1.401455e-01	1.984525e-01	-6.113493e+01	1.624069e+00	1.000000e+05	4.835550e-01	3.238381e-01	3.312636e-01
CP021827.1	.	586523	0	G	C	0.449	1.340699e-01	1.429789e-01	-6.135633e+01	1.085007e+00	1.000000e+05	3.531974e-01	4.663634e-01	4.711708e-01
CP021827.1	.	586570	0	A	T	0.449	-1.010452e-01	1.446724e-01	-6.160238e+01	1.159528e+00	1.000000e+05	4.883429e-01	8.444640e-01	8.453398e-01
CP021827.1	.	586637	0	A	G	0.327	8.597375e-02	1.533612e-01	-6.156591e+01	1.178086e+00	1.000000e+05	5.777355e-01	7.385266e-01	7.401536e-01
CP021827.1	.	586673	0	G	A	0.265	1.175059e-01	1.652739e-01	-6.162038e+01	9.590015e-01	1.000000e+05	4.806121e-01	9.602954e-01	9.605069e-01
CP021827.1	.	586713	0	C	CCAGATCGCAGTGCCGA	0.061	2.317367e-01	2.965663e-01	-6.155822e+01	1.109213e+00	1.000000e+05	4.384863e-01	7.217639e-01	7.235288e-01
CP021827.1	.	586790	1	G	A	0.062	4.851696e-01	2.724457e-01	-5.939807e+01	1.821956e+00	1.000000e+05	8.140984e-02	3.496057e-02	4.477468e-02
CP021827.1	.	586819	1	A	G	0.062	5.979025e-01	2.897389e-01	-6.033844e+01	7.495672e-01	1.000000e+05	4.460302e-02	1.091579e-01	1.205301e-01
CP021827.1	.	586831	0	G	A	0.041	7.368619e-01	3.364551e-01	-6.018876e+01	7.062864e-01	1.000000e+05	3.351597e-02	9.048449e-02	1.018869e-01
CP021827.1	.	595041	0	G	A	0.020	-2.061303e-01	4.460908e-01	-6.147774e+01	1.265448e+00	1.000000e+05	6.461547e-01	5.916585e-01	5.947279e-01
CP021827.1	.	595043	0	A	C	0.020	1.524334e-01	4.599102e-01	-6.162144e+01	1.258195e+00	1.000000e+05	7.417842e-01	9.849488e-01	9.850287e-01
CP021827.1	.	596030	1	G	GGT	0.021	-3.087800e-01	4.609999e-01	-6.055745e+01	1.712573e+00	1.000000e+05	5.062598e-01	1.445966e-01	1.556003e-01
CP021827.1	.	596707	0	C	CGCGT	0.367	-3.080134e-01	1.667828e-01	-5.953524e+01	2.678293e+00	1.000000e+05	7.107836e-02	4.107883e-02	5.129703e-02
CP021827.1	.	606298	1	T	G	0.021	2.448863e-01	4.761102e-01	-6.155414e+01	1.260108e+00	1.000000e+05	6.094190e-01	7.133475e-01	7.151839e-01
CP021827.1	.	639984	3	TTGC	T	0.109	3.764254e-01	2.326410e-01	-6.074721e+01	1.019551e+00	1.000000e+05	1.123436e-01	1.860249e-01	1.963218e-01
CP021827.1	.	640681	1	G	C	0.375	2.231419e-01	1.407121e-01	-6.090057e+01	9.545346e-01	1.000000e+05	1.194895e-01	2.298000e-01	2.392094e-01
CP021827.1	.	661801	4	G	C	0.378	1.799089e-02	1.454916e-01	-6.159719e+01	1.327014e+00	1.000000e+05	9.021151e-01	8.250630e-01	8.260631e-01
CP021827.1	.	661862	0	C	G	0.367	-2.113055e-01	1.393775e-01	-6.017696e+01	1.856777e+00	1.000000e+05	1.362002e-01	8.916885e-02	1.005672e-01
CP021827.1	.	661985	1	A	G	0.188	6.970785e-02	1.707303e-01	-6.158833e+01	1.238686e+00	1.000000e+05	6.849135e-01	7.963869e-01	7.975806e-01
CP021827.1	.	662382	3	A	G	0.413	-3.582704e-01	1.335863e-01	-5.917959e+01	1.090523e+00	1.000000e+05	1.006787e-02	2.710561e-02	3.622991e-02
CP021827.1	.	662502	0	C	A	0.163	-1.449824e-01	1.822655e-01	-6.161827e+01	1.050456e+00	1.000000e+05	4.303531e-01	9.347362e-01	9.350861e-01
CP021827.1	.	662628	0	C	T	0.082	-4.345386e-01	2.589837e-01	-5.910731e+01	2.972591e+00	1.000000e+05	1.000130e-01	2.493177e-02	3.382066e-02
CP021827.1	.	663480	0	T	G	0.041	-5.759970e-02	3.388484e-01	-6.153080e+01	1.379220e+00	1.000000e+05	8.657503e-01	6.699716e-01	6.722028e-01
CP021827.1	.	663639	0	T	C	0.041	8.199711e-01	3.215965e-01	-5.888113e+01	1.287479e+00	1.000000e+05	1.410324e-02	1.922451e-02	2.736969e-02
CP021827.1	.	702429	0	AT	A	0.347	2.574169e-01	1.528082e-01	-6.138155e+01	5.317952e-01	1.000000e+05	9.870085e-02	4.883535e-01	4.928176e-01
CP021827.1	.	703232	0	AGC	A	0.020	-2.574894e-01	4.752339e-01	-6.150310e+01	1.334062e+00	1.000000e+05	5.905047e-01	6.263508e-01	6.290276e-01
CP021827.1	.	704259	4	G	A	0.156	1.518470e-02	1.932521e-01	-6.161522e+01	1.323124e+00	1.000000e+05	9.377046e-01	9.099360e-01	9.104236e-01
CP021827.1	.	704277	0	G	A	0.082	-2.324259e-02	2.449754e-01	-6.157830e+01	1.303842e+00	1.000000e+05	9.248157e-01	7.684901e-01	7.698851e-01
CP021827.1	.	704633	0	C	G	0.204	2.647767e-01	1.743044e-01	-6.156910e+01	4.895630e-01	1.000000e+05	1.354494e-01	7.458559e-01	7.474245e-01
CP021827.1	.	705509	1	C	T	0.229	2.512499e-01	1.673845e-01	-5.989766e+01	1.416095e+00	1.000000e+05	1.400354e-01	6.333125e-02	7.441100e-02
CP021827.1	.	707585	0	C	A	0.265	-7.096170e-02	1.634172e-01	-6.141299e+01	1.436508e+00	1.000000e+05	6.661038e-01	5.183049e-01	5.223281e-01
CP021827.1	.	707754	1	G	A	0.167	-1.024566e-01	1.805313e-01	-6.139780e+01	1.476598e+00	1.000000e+05	5.730565e-01	5.034566e-01	5.076945e-01
CP021827.1	.	707844	4	A	C	0.444	6.689278e-02	1.459617e-01	-6.162147e+01	1.213942e+00	1.000000e+05	6.488562e-01	9.860497e-01	9.861238e-01
CP021827.1	.	708071	2	T	C	0.149	1.120544e-01	1.863392e-01	-6.141477e+01	1.308470e+00	1.000000e+05	5.504989e-01	5.200950e-01	5.240929e-01
CP021827.1	.	708380	1	T	G	0.208	-6.659819e-02	1.700764e-01	-6.146703e+01	1.447933e+00	1.000000e+05	6.971397e-01	5.781800e-01	5.814118e-01
CP021827.1	.	708434	1	G	A	0.479	1.500232e-01	1.452601e-01	-6.139005e+01	1.168134e+00	1.000000e+05	3.069877e-01	4.961608e-01	5.005070e-01
CP021827.1	.	708442	1	G	A	0.479	2.537678e-01	1.414795e-01	-6.019752e+01	1.243952e+00	1.000000e+05	7.930054e-02	9.147561e-02	1.028805e-01
CP021827.1	.	708476	1	T	C	0.333	-7.899607e-02	1.500962e-01	-6.152993e+01	1.378309e+00	1.000000e+05	6.011527e-01	6.684766e-01	6.707222e-01
CP021827.1	.	708524	3	T	A	0.109	1.138722e-01	2.414453e-01	-6.116436e+01	1.524812e+00	1.000000e+05	6.393751e-01	3.389172e-01	3.460365e-01
CP021827.1	.	735678	0	T	A	0.020	-2.866801e-02	4.477806e-01	-6.152067e+01	1.221429e+00	1.000000e+05	9.492239e-01	6.531823e-01	6.555788e-01
CP021827.1	.	735689	1	G	C	0.021	6.170915e-01	4.316851e-01	-6.117840e+01	1.089887e+00	1.000000e+05	1.594758e-01	3.464405e-01	3.534092e-01
CP021827.1	.	770043	1	A	G	0.042	3.354670e-01	3.746954e-01	-6.145358e+01	1.080356e+00	1.000000e+05	3.751861e-01	5.620990e-01	5.655319e-01
CP021827.1	.	770137	3	C	T	0.413	9.625114e-03	1.494612e-01	-6.160150e+01	1.388222e+00	1.000000e+05	9.489258e-01	8.410097e-01	8.419073e-01
CP021827.1	.	773282	1	T	C	0.250	-1.900894e-02	1.606547e-01	-6.148515e+01	1.406316e+00	1.000000e+05	9.063170e-01	6.013591e-01	6.043151e-01
CP021827.1	.	773324	2	C	T	0.191	-2.226535e-01	1.839154e-01	-6.061463e+01	1.927598e+00	1.000000e+05	2.320902e-01	1.558551e-01	1.666876e-01
CP021827.1	.	773342	0	G	A	0.143	-4.485080e-02	2.069384e-01	-6.157865e+01	1.493232e+00	1.000000e+05	8.293529e-01	7.693914e-01	7.707796e-01
CP021827.1	.	774022	0	A	T	0.061	1.093141e-01	2.810713e-01	-6.124786e+01	1.440348e+00	1.000000e+05	6.990923e-01	3.872611e-01	3.934414e-01
CP021827.1	.	777791	0	T	G	0.061	-6.762163e-02	3.253276e-01	-6.152344e+01	1.578388e+00	1.000000e+05	8.362387e-01	6.576648e-01	6.600165e-01
CP021827.1	.	778433	0	T	TC	0.061	8.449384e-02	2.991158e-01	-6.150430e+01	1.394783e+00	1.000000e+05	7.788168e-01	6.280947e-01	6.307526e-01
CP021827.1	.	778438	1	C	T	0.083	1.646965e-01	2.767666e-01	-6.130261e+01	1.412441e+00	1.000000e+05	5.546487e-01	4.244255e-01	4.299342e-01
CP021827.1	.	778447	3	C	G	0.239	1.983557e-01	1.715523e-01	-6.079385e+01	1.545022e+00	1.000000e+05	2.534263e-01	1.982067e-01	2.082656e-01
CP021827.1	.	778456	3	A	G	0.391	2.671780e-01	1.614953e-01	-6.028404e+01	1.809399e+00	1.000000e+05	1.047102e-01	1.019246e-01	1.133262e-01
CP021827.1	.	778462	1	G	A	0.458	1.315234e-01	1.567784e-01	-6.145971e+01	1.481933e+00	1.000000e+05	4.057650e-01	5.693211e-01	5.726627e-01
CP021827.1	.	778468	2	T	C	0.447	-4.525092e-02	1.513022e-01	-6.161587e+01	1.330784e+00	1.000000e+05	7.662003e-01	9.145676e-01	9.150292e-01
CP021827.1	.	778492	0	G	A	0.184	-1.845315e-01	1.756058e-01	-6.149407e+01	9.211864e-01	1.000000e+05	2.987108e-01	6.134990e-01	6.163171e-01
CP021827.1	.	778502	4	A	G	0.200	-3.455869e-01	1.768371e-01	-6.055257e+01	9.396018e-01	1.000000e+05	5.663388e-02	1.436788e-01	1.546957e-01
CP021827.1	.	778510	4	G	C	0.289	-3.264829e-01	1.595703e-01	-5.917793e+01	1.956164e+00	1.000000e+05	4.637303e-02	2.705358e-02	3.617250e-02
CP021827.1	.	793546	0	G	A	0.082	-8.289934e-02	2.606876e-01	-6.124036e+01	1.539896e+00	1.000000e+05	7.518916e-01	3.825381e-01	3.888070e-01
CP021827.1	.	793560	0	C	G	0.163	-1.107423e-02	2.031769e-01	-6.161872e+01	1.441906e+00	1.000000e+05	9.567636e-01	9.392951e-01	9.396201e-01
CP021827.1	.	793567	1	G	C	0.167	-5.236239e-02	2.123770e-01	-6.141386e+01	1.566641e+00	1.000000e+05	8.063271e-01	5.191741e-01	5.231851e-01
CP021827.1	.	793579	2	A	G	0.149	3.252323e-03	2.279238e-01	-6.157158e+01	1.485387e+00	1.000000e+05	9.886755e-01	7.517222e-01	7.532448e-01
CP021827.1	.	793591	3	C	G	0.152	-4.370111e-01	2.134956e-01	-5.882054e+01	2.754870e+00	1.000000e+05	4.627888e-02	1.793821e-02	2.588467e-02
CP021827.1	.	809071	0	C	T	0.020	-5.807906e-01	4.290380e-01	-6.050379e+01	1.269005e+00	1.000000e+05	1.823050e-01	1.348595e-01	1.459939e-01
CP021827.1	.	958334	0	C	A	0.020	2.206936e-01	4.638312e-01	-6.144028e+01	1.347748e+00	1.000000e+05	6.364168e-01	5.470147e-01	5.506439e-01
CP021827.1	.	958352	2	G	GC	0.170	-4.394813e-02	1.872715e-01	-6.145440e+01	1.187268e+00	1.000000e+05	8.154796e-01	5.630536e-01	5.664744e-01
CP021827.1	.	962653	1	T	C	0.042	1.923767e-01	3.509752e-01	-6.141142e+01	1.359005e+00	1.000000e+05	5.862033e-01	5.167338e-01	5.207795e-01
CP021827.1	.	962660	0	T	C	0.041	2.774745e-01	3.477652e-01	-6.135966e+01	1.284845e+00	1.000000e+05	4.289538e-01	4.691688e-01	4.739315e-01
CP021827.1	.	962668	0	A	C	0.122	2.384471e-01	2.200851e-01	-6.053152e+01	1.656579e+00	1.000000e+05	2.841440e-01	1.397959e-01	1.508664e-01
CP021827.1	.	962673	0	T	C	0.143	3.170570e-02	2.034959e-01	-6.158164e+01	1.396194e+00	1.000000e+05	8.768539e-01	7.773580e-01	7.786875e-01
CP021827.1	.	962686	0	C	A	0.388	4.934612e-02	1.465535e-01	-6.161295e+01	1.322448e+00	1.000000e+05	7.378340e-01	8.952411e-01	8.958123e-01
CP021827.1	.	1009532	0	AT	A	0.102	-2.940101e-02	2.292276e-01	-6.125565e+01	1.446673e+00	1.000000e+05	8.984895e-01	3.922555e-01	3.983429e-01
CP021827.1	.	1009548	0	G	A	0.041	5.421919e-01	3.396659e-01	-6.075530e+01	8.656991e-01	1.000000e+05	1.171357e-01	1.880745e-01	1.983319e-01
CP021827.1	.	1009563	0	T	C	0.061	-1.590394e-01	2.914960e-01	-6.115920e+01	1.637063e+00	1.000000e+05	5.879231e-01	3.362048e-01	3.433788e-01
CP021827.1	.	1009630	0	T	G	0.061	3.087942e-04	2.701383e-01	-6.161640e+01	1.285117e+00	1.000000e+05	9.990928e-01	9.186345e-01	9.190733e-01
CP021827.1	.	1010097	2	T	C	0.489	-1.466774e-01	1.429367e-01	-6.103823e+01	1.483987e+00	1.000000e+05	3.100639e-01	2.800639e-01	2.884046e-01
CP021827.1	.	1010789	3	T	C	0.326	5.620620e-02	1.540457e-01	-6.160665e+01	1.312570e+00	1.000000e+05	7.168474e-01	8.626356e-01	8.633993e-01
CP021827.1	.	1010932	2	C	T	0.383	5.860711e-02	1.450663e-01	-6.158145e+01	1.309943e+00	1.000000e+05	6.880434e-01	7.768281e-01	7.781615e-01
CP021827.1	.	1011310	1	C	T	0.188	6.849099e-04	1.780502e-01	-6.161571e+01	1.357873e+00	1.000000e+05	9.969470e-01	9.133873e-01	9.138555e-01
CP021827.1	.	1011356	0	A	G	0.184	1.254963e-01	1.803909e-01	-6.157568e+01	1.214634e+00	1.000000e+05	4.900485e-01	7.618057e-01	7.632509e-01
CP021827.1	.	1013618	0	C	G	0.367	1.069371e-01	1.484220e-01	-6.126319e+01	1.289713e+00	1.000000e+05	4.747893e-01	3.971725e-01	4.031692e-01
CP021827.1	.	1014176	0	G	A	0.102	1.521197e-01	2.221865e-01	-6.151954e+01	1.189654e+00	1.000000e+05	4.969281e-01	6.513806e-01	6.537954e-01
CP021827.1	.	1014317	1	T	C	0.438	-3.432511e-02	1.418871e-01	-6.151696e+01	1.468777e+00	1.000000e+05	8.098957e-01	6.472908e-01	6.497472e-01
CP021827.1	.	1014371	0	T	C	0.367	8.863542e-02	1.452588e-01	-6.158401e+01	1.332950e+00	1.000000e+05	5.446756e-01	7.838684e-01	7.851507e-01
CP021827.1	.	1014386	2	C	A	0.255	-1.228050e-01	1.651521e-01	-6.114881e+01	1.483255e+00	1.000000e+05	4.608274e-01	3.308332e-01	3.381160e-01
CP021827.1	.	1014455	2	T	C	0.362	1.109437e-01	1.473991e-01	-6.078826e+01	1.858676e+00	1.000000e+05	4.553985e-01	1.966972e-01	2.067860e-01
CP021827.1	.	1014461	0	A	G	0.286	4.180684e-02	1.536466e-01	-6.132357e+01	1.515493e+00	1.000000e+05	7.867389e-01	4.400684e-01	4.453083e-01
CP021827.1	.	1084966	2	G	A	0.383	-1.487949e-01	1.409140e-01	-6.046163e+01	1.847614e+00	1.000000e+05	2.963994e-01	1.277211e-01	1.389389e-01
CP021827.1	.	1133218	2	G	T	0.021	-2.460991e-01	4.446626e-01	-6.162027e+01	1.030835e+00	1.000000e+05	5.825778e-01	9.584583e-01	9.586796e-01
CP021827.1	.	1173412	0	C	CGT	0.041	4.706849e-01	3.577987e-01	-6.043106e+01	1.547903e+00	1.000000e+05	1.947226e-01	1.228090e-01	1.340772e-01
CP021827.1	.	1173420	1	C	G	0.062	2.560527e-01	2.921085e-01	-6.098399e+01	1.470039e+00	1.000000e+05	3.851802e-01	2.587815e-01	2.675754e-01
CP021827.1	.	1173432	2	G	A	0.064	4.859598e-01	3.020916e-01	-5.991395e+01	1.508413e+00	1.000000e+05	1.143903e-01	6.459299e-02	7.570145e-02
CP021827.1	.	1173452	3	G	C	0.109	2.987531e-01	2.415694e-01	-6.072258e+01	1.283280e+00	1.000000e+05	2.223363e-01	1.799447e-01	1.903565e-01
CP021827.1	.	1189635	4	C	G	0.467	3.272118e-01	1.356001e-01	-5.810286e+01	2.053620e+00	1.000000e+05	1.977176e-02	7.981920e-03	1.372940e-02
CP021827.1	.	1199494	0	A	C	0.122	-1.959236e-01	2.126151e-01	-6.048774e+01	2.082190e+00	1.000000e+05	3.614985e-01	1.320900e-01	1.432582e-01
CP021827.1	.	1199501	0	T	C	0.102	1.353141e-02	2.345528e-01	-6.151541e+01	1.361421e+00	1.000000e+05	9.542399e-01	6.448755e-01	6.473566e-01
CP021827.1	.	1199524	0	T	G	0.082	-4.126038e-01	2.461420e-01	-5.926204e+01	2.490443e+00	1.000000e+05	1.003232e-01	2.982840e-02	3.921782e-02
CP021827.1	.	1199746	0	GAA	G	0.163	5.998211e-01	1.789325e-01	-5.522154e+01	1.952107e+00	1.000000e+05	1.590124e-03	3.465904e-04	1.571303e-03
CP021827.1	.	1200993	0	A	C	0.204	-1.132897e-01	1.853736e-01	-6.119537e+01	1.681567e+00	1.000000e+05	5.440498e-01	3.558471e-01	3.626298e-01
CP021827.1	.	1201056	0	G	T	0.224	1.270797e-01	1.759929e-01	-6.146718e+01	1.267481e+00	1.000000e+05	4.738270e-01	5.783680e-01	5.815976e-01
CP021827.1	.	1201085	1	A	G	0.104	2.903130e-01	2.392613e-01	-6.085429e+01	1.128344e+00	1.000000e+05	2.310503e-01	2.154140e-01	2.251235e-01
CP021827.1	.	1201804	0	C	G	0.041	2.518721e-01	3.417872e-01	-6.133089e+01	1.378885e+00	1.000000e+05	4.648299e-01	4.457378e-01	4.508824e-01
CP021827.1	.	1202172	1	A	G	0.500	-2.335540e-01	1.371627e-01	-6.110990e+01	7.499141e-01	1.000000e+05	9.522028e-02	3.117054e-01	3.193811e-01
CP021827.1	.	1202352	3	A	G	0.391	-2.122937e-01	1.437573e-01	-6.092448e+01	1.075817e+00	1.000000e+05	1.464118e-01	2.376834e-01	2.469263e-01
CP021827.1	.	1202379	4	G	A	0.200	-2.433422e-01	1.754600e-01	-6.129677e+01	1.058068e+00	1.000000e+05	1.720207e-01	4.202207e-01	4.258030e-01
CP021827.1	.	1202439	1	A	G	0.354	-1.248730e-02	1.483713e-01	-6.141616e+01	1.344773e+00	1.000000e+05	9.332847e-01	5.215016e-01	5.254796e-01
CP021827.1	.	1202965	2	T	C	0.277	9.277401e-02	1.603438e-01	-6.160667e+01	1.231512e+00	1.000000e+05	5.656254e-01	8.626910e-01	8.634542e-01
CP021827.1	.	1236030	1	C	A	0.396	1.516221e-01	1.413511e-01	-6.077420e+01	1.542772e+00	1.000000e+05	2.888992e-01	1.929637e-01	2.031262e-01
CP021827.1	.	1236099	1	C	G	0.375	-7.827207e-02	1.450586e-01	-6.142899e+01	1.395702e+00	1.000000e+05	5.920278e-01	5.347989e-01	5.385924e-01
CP021827.1	.	1236257	2	C	T	0.170	9.075596e-02	1.885366e-01	-6.155784e+01	1.298922e+00	1.000000e+05	6.324869e-01	7.209775e-01	7.227490e-01
CP021827.1	.	1236319	1	C	G	0.083	2.701780e-02	2.466789e-01	-6.160545e+01	1.321972e+00	1.000000e+05	9.132515e-01	8.572755e-01	8.580718e-01
CP021827.1	.	1236609	3	C	G	0.109	1.559515e-01	2.220960e-01	-6.159025e+01	1.051644e+00	1.000000e+05	4.860298e-01	8.021982e-01	8.033517e-01
CP021827.1	.	1236666	0	C	G	0.061	3.841609e-01	3.074434e-01	-6.107665e+01	9.880882e-01	1.000000e+05	2.176568e-01	2.964856e-01	3.044792e-01
CP021827.1	.	1236699	0	G	A	0.143	-1.253687e-02	2.039399e-01	-6.130144e+01	1.421684e+00	1.000000e+05	9.512429e-01	4.235816e-01	4.291050e-01
CP021827.1	.	1236845	4	G	A	0.444	5.059227e-02	1.416030e-01	-6.161894e+01	1.302003e+00	1.000000e+05	7.224796e-01	9.416070e-01	9.419195e-01
CP021827.1	.	1236872	1	G	C	0.375	1.493553e-01	1.458742e-01	-6.149662e+01	1.019259e+00	1.000000e+05	3.111409e-01	6.170710e-01	6.198493e-01
CP021827.1	.	1237036	3	G	C	0.326	-3.966920e-02	1.499440e-01	-6.160287e+01	1.260579e+00	1.000000e+05	7.925051e-01	8.464245e-01	8.472880e-01
CP021827.1	.	1237194	1	C	A	0.375	-8.443147e-02	1.441741e-01	-6.157238e+01	1.292025e+00	1.000000e+05	5.609313e-01	7.536529e-01	7.551606e-01
CP021827.1	.	1237501	1	T	G	0.104	-7.348213e-02	2.235564e-01	-6.161875e+01	1.257497e+00	1.000000e+05	7.438455e-01	9.396383e-01	9.399615e-01
CP021827.1	.	1238223	0	A	G	0.061	2.244979e-01	3.035252e-01	-6.124705e+01	1.440212e+00	1.000000e+05	4.632000e-01	3.867484e-01	3.929383e-01
CP021827.1	.	1238263	1	C	A	0.042	9.528846e-02	3.700532e-01	-6.159760e+01	1.363554e+00	1.000000e+05	7.979174e-01	8.265198e-01	8.275104e-01
CP021827.1	.	1238283	2	G	C	0.085	2.071672e-01	2.708833e-01	-6.137542e+01	1.440835e+00	1.000000e+05	4.482233e-01	4.828599e-01	4.874082e-01
CP021827.1	.	1238301	3	A	G	0.109	1.748852e-01	2.352018e-01	-6.128426e+01	1.423792e+00	1.000000e+05	4.608476e-01	4.114101e-01	4.171488e-01
CP021827.1	.	1238313	0	T	G	0.204	-1.197721e-01	1.882259e-01	-6.159406e+01	1.403312e+00	1.000000e+05	5.276542e-01	8.143648e-01	8.154357e-01
CP021827.1	.	1238319	1	T	C	0.250	-2.368225e-01	1.770967e-01	-6.033219e+01	2.144901e+00	1.000000e+05	1.875774e-01	1.082990e-01	1.196757e-01
CP021827.1	.	1238322	0	C	A	0.204	-2.299385e-02	1.810359e-01	-6.162143e+01	1.431134e+00	1.000000e+05	8.994722e-01	9.843281e-01	9.844113e-01
CP021827.1	.	1238349	0	G	C	0.367	-6.401103e-02	1.479563e-01	-6.156519e+01	1.388143e+00	1.000000e+05	6.672589e-01	7.369130e-01	7.385530e-01
CP021827.1	.	1238355	3	G	C	0.283	-5.687670e-02	1.631556e-01	-6.156587e+01	1.434415e+00	1.000000e+05	7.289434e-01	7.384315e-01	7.400593e-01
CP021827.1	.	1238379	0	T	C	0.082	-8.208156e-02	2.734497e-01	-6.159022e+01	1.513006e+00	1.000000e+05	7.653707e-01	8.021260e-01	8.032800e-01
CP021827.1	.	1238395	3	G	C	0.065	-5.740406e-02	3.024171e-01	-6.148679e+01	1.511841e+00	1.000000e+05	8.502696e-01	6.035586e-01	6.064893e-01
CP021827.1	.	1238403	3	G	C	0.174	-1.799419e-01	2.052402e-01	-6.040244e+01	2.451622e+00	1.000000e+05	3.850884e-01	1.184004e-01	1.297083e-01
CP021827.1	.	1238424	1	C	T	0.146	-4.617945e-02	2.109740e-01	-6.145598e+01	1.563176e+00	1.000000e+05	8.276859e-01	5.648995e-01	5.682969e-01
CP021827.1	.	1238425	2	A	C	0.128	-1.016620e-01	2.197253e-01	-6.135467e+01	1.639520e+00	1.000000e+05	6.457305e-01	4.649682e-01	4.697979e-01
CP021827.1	.	1238532	1	C	A	0.438	-1.027951e-02	1.424924e-01	-6.161928e+01	1.383605e+00	1.000000e+05	9.427960e-01	9.454737e-01	9.457651e-01
CP021827.1	.	1238748	3	C	A	0.065	1.533193e-01	2.793475e-01	-6.161849e+01	1.092989e+00	1.000000e+05	5.857078e-01	9.369272e-01	9.372652e-01
CP021827.1	.	1238771	0	CGG	C	0.306	-3.966256e-02	1.521287e-01	-6.145737e+01	1.499907e+00	1.000000e+05	7.954496e-01	5.665453e-01	5.699219e-01
CP021827.1	.	1238774	2	CAG	C	0.447	-7.359432e-02	1.405032e-01	-6.151173e+01	1.250435e+00	1.000000e+05	6.028853e-01	6.392076e-01	6.417476e-01
CP021827.1	.	1238784	2	T	C	0.213	6.954005e-02	1.752046e-01	-6.154709e+01	1.165727e+00	1.000000e+05	6.932322e-01	6.994408e-01	7.013988e-01
CP021827.1	.	1238814	4	G	T	0.133	-1.092964e-01	2.112298e-01	-6.109763e+01	1.682234e+00	1.000000e+05	6.072837e-01	3.059703e-01	3.137653e-01
CP021827.1	.	1251680	0	A	G	0.122	-4.977456e-02	2.097671e-01	-6.124770e+01	1.492372e+00	1.000000e+05	8.134670e-01	3.871568e-01	3.933391e-01
CP021827.1	.	1251716	0	A	G	0.102	-1.637463e-01	2.349532e-01	-6.082309e+01	1.790358e+00	1.000000e+05	4.892784e-01	2.063191e-01	2.162149e-01
CP021827.1	.	1251722	0	A	G	0.163	-1.642977e-01	1.910007e-01	-6.107726e+01	1.609609e+00	1.000000e+05	3.940487e-01	2.967560e-01	3.047439e-01
CP021827.1	.	1251737	1	A	G	0.083	-5.807356e-02	2.581037e-01	-6.153018e+01	1.424518e+00	1.000000e+05	8.229540e-01	6.689028e-01	6.711443e-01
CP021827.1	.	1251743	1	G	A	0.062	1.439871e-01	2.921330e-01	-6.157202e+01	1.300869e+00	1.000000e+05	6.243909e-01	7.527957e-01	7.543100e-01
CP021827.1	.	1251808	2	C	T	0.447	1.142016e-02	1.400637e-01	-6.159786e+01	1.366398e+00	1.000000e+05	9.353623e-01	8.274449e-01	8.284295e-01
CP021827.1	.	1251859	2	G	C	0.128	4.907485e-02	2.175202e-01	-6.161088e+01	1.357300e+00	1.000000e+05	8.224825e-01	8.834880e-01	8.841274e-01
CP021827.1	.	1272656	0	A	C	0.082	3.824232e-01	2.585685e-01	-6.041167e+01	1.398373e+00	1.000000e+05	1.458115e-01	1.198024e-01	1.310983e-01
CP021828.1	.	162459	4	AAAGT	A	0.289	9.632708e-02	1.768578e-01	-6.161687e+01	1.162045e+00	1.000000e+05	5.885635e-01	9.223689e-01	9.227870e-01
CP021828.1	.	164965	0	C	CCG	0.306	1.199446e-01	1.549833e-01	-6.143410e+01	1.286327e+00	1.000000e+05	4.428542e-01	5.402633e-01	5.439827e-01
CP021828.1	.	168101	0	G	GT	0.020	1.757655e-01	4.624299e-01	-6.147301e+01	1.312741e+00	1.000000e+05	7.055900e-01	5.856320e-01	5.887734e-01
CP021828.1	.	189160	2	A	G	0.021	-7.300474e-01	4.918490e-01	-5.971035e+01	2.449039e+00	1.000000e+05	1.444077e-01	5.056746e-02	6.124834e-02
CP021828.1	.	195354	0	G	GCA	0.041	3.094991e-01	3.646959e-01	-6.124180e+01	1.367274e+00	1.000000e+05	4.003780e-01	3.834419e-01	3.896939e-01
CP021828.1	.	195381	0	A	G	0.020	6.250663e-01	4.802457e-01	-6.032426e+01	1.575103e+00	1.000000e+05	1.994123e-01	1.072201e-01	1.186021e-01
CP021828.1	.	220772	1	C	CTT	0.062	2.318524e-01	2.899076e-01	-6.129804e+01	1.233514e+00	1.000000e+05	4.278818e-01	4.211272e-01	4.266936e-01
CP021828.1	.	225129	0	T	C	0.020	3.800119e-01	5.148917e-01	-6.129957e+01	1.363868e+00	1.000000e+05	4.641580e-01	4.222253e-01	4.277725e-01
CP021828.1	.	225887	0	A	T	0.020	3.036061e-01	4.373468e-01	-6.123390e+01	1.356599e+00	1.000000e+05	4.909742e-01	3.785360e-01	3.848805e-01
CP021828.1	.	225895	3	C	A	0.022	-5.912472e-01	4.230251e-01	-6.079650e+01	1.147254e+00	1.000000e+05	1.687764e-01	1.989266e-01	2.089711e-01
CP021828.1	.	225933	0	G	GGC	0.082	5.799579e-02	2.613891e-01	-6.161151e+01	1.287626e+00	1.000000e+05	8.253722e-01	8.869163e-01	8.875356e-01
CP021828.1	.	227899	0	A	C	0.020	1.009715e+00	4.348485e-01	-5.847973e+01	1.606187e+00	1.000000e+05	2.461644e-02	1.218472e-02	1.904211e-02
CP021828.1	.	227901	0	G	T	0.041	2.222708e-01	3.261932e-01	-6.125941e+01	1.518816e+00	1.000000e+05	4.989572e-01	3.946989e-01	4.007412e-01
CP021828.1	.	245493	0	GGC	G	0.041	5.911339e-01	3.188998e-01	-5.936810e+01	1.900812e+00	1.000000e+05	7.006921e-02	3.375562e-02	4.347786e-02
CP021828.1	.	245841	1	GT	G	0.375	-9.383620e-02	1.521577e-01	-6.150801e+01	1.286359e+00	1.000000e+05	5.404063e-01	6.335944e-01	6.361935e-01
CP021828.1	.	247174	1	T	C	0.104	5.680054e-01	1.880172e-01	-5.637968e+01	8.757207e+00	1.000000e+05	4.066688e-03	1.204202e-03	3.529398e-03
CP021828.1	.	247211	0	T	G	0.367	1.053386e-01	1.471237e-01	-6.133697e+01	1.494596e+00	1.000000e+05	4.775418e-01	4.505370e-01	4.556019e-01
CP021828.1	.	247240	0	C	CT	0.449	-3.002490e-02	1.489315e-01	-6.159611e+01	1.447637e+00	1.000000e+05	8.410979e-01	8.212993e-01	8.223241e-01
CP021828.1	.	247256	0	T	C	0.429	-5.044681e-04	1.488207e-01	-6.155186e+01	1.454987e+00	1.000000e+05	9.973097e-01	7.087625e-01	7.106385e-01
CP021828.1	.	247264	0	G	T	0.020	-4.453203e-01	4.732522e-01	-6.073836e+01	1.946297e+00	1.000000e+05	3.515272e-01	1.838137e-01	1.941527e-01
CP021828.1	.	247278	0	A	C	0.020	6.204018e-01	4.565190e-01	-6.004733e+01	2.001294e+00	1.000000e+05	1.806378e-01	7.599320e-02	8.729295e-02
CP021828.1	.	249146	0	ATT	A	0.347	1.131077e-01	1.438702e-01	-6.140929e+01	1.422368e+00	1.000000e+05	4.357088e-01	5.146177e-01	5.186936e-01
CP021828.1	.	256680	3	CG	C	0.283	-1.783305e-02	1.658920e-01	-6.161533e+01	1.435955e+00	1.000000e+05	9.148515e-01	9.106788e-01	9.111622e-01
CP021828.1	.	267152	0	CG	C	0.082	-1.144716e-02	2.642845e-01	-6.134436e+01	1.433409e+00	1.000000e+05	9.656349e-01	4.564786e-01	4.614458e-01
CP021828.1	.	267473	2	C	T	0.085	7.544991e-03	2.533098e-01	-6.162157e+01	1.352814e+00	1.000000e+05	9.763641e-01	9.916594e-01	9.917037e-01
CP021828.1	.	267491	0	C	G	0.041	2.924973e-01	3.169070e-01	-6.054855e+01	1.853233e+00	1.000000e+05	3.607344e-01	1.429289e-01	1.539563e-01
CP021828.1	.	267541	3	G	GGT	0.435	1.391323e-01	1.533675e-01	-6.056100e+01	2.250774e+00	1.000000e+05	3.689384e-01	1.452689e-01	1.562630e-01
CP021828.1	.	267546	3	C	CG	0.413	2.303797e-01	1.568878e-01	-5.963687e+01	3.323476e+00	1.000000e+05	1.486471e-01	4.633147e-02	5.682691e-02
CP021828.1	.	268239	0	C	CGA	0.367	4.334391e-02	1.457691e-01	-6.155574e+01	1.408494e+00	1.000000e+05	7.675125e-01	7.166098e-01	7.184182e-01
CP021828.1	.	272788	0	A	AC	0.061	2.514554e-01	2.580472e-01	-6.063425e+01	1.836983e+00	1.000000e+05	3.348196e-01	1.599456e-01	1.707113e-01
CP021828.1	.	278508	0	G	GT	0.020	1.333349e-01	4.368687e-01	-6.147560e+01	1.251614e+00	1.000000e+05	7.615570e-01	5.889137e-01	5.920158e-01
CP021828.1	.	281319	0	C	A	0.082	1.465074e-01	2.311368e-01	-6.121422e+01	1.455517e+00	1.000000e+05	5.292479e-01	3.667024e-01	3.732735e-01
CP021828.1	.	284748	0	T	G	0.204	1.461887e-02	1.867432e-01	-6.161141e+01	1.412603e+00	1.000000e+05	9.379351e-01	8.863498e-01	8.869725e-01
CP021828.1	.	284766	1	C	A	0.292	1.322400e-01	1.650276e-01	-6.132659e+01	1.312562e+00	1.000000e+05	4.269788e-01	4.423911e-01	4.475919e-01
CP021828.1	.	284773	1	T	C	0.354	1.899780e-01	1.558052e-01	-6.124491e+01	1.011344e+00	1.000000e+05	2.288029e-01	3.853935e-01	3.916088e-01
CP021828.1	.	284794	1	A	G	0.354	6.224831e-02	1.574079e-01	-6.160727e+01	1.252613e+00	1.000000e+05	6.942938e-01	8.654664e-01	8.662129e-01
CP021828.1	.	284848	0	T	C	0.061	-2.724115e-01	3.020454e-01	-6.098074e+01	1.547424e+00	1.000000e+05	3.717146e-01	2.575704e-01	2.663902e-01
CP021828.1	.	284860	0	G	A	0.020	-1.522242e-01	4.790643e-01	-6.161364e+01	1.316664e+00	1.000000e+05	7.520797e-01	8.994580e-01	9.000050e-01
CP021828.1	.	285106	0	C	G	0.204	3.494201e-03	1.793897e-01	-6.150269e+01	1.411398e+00	1.000000e+05	9.845420e-01	6.257469e-01	6.284302e-01
CP021828.1	.	285187	0	G	C	0.041	-2.194861e-01	3.413005e-01	-6.142413e+01	1.404152e+00	1.000000e+05	5.232926e-01	5.296915e-01	5.335552e-01
CP021828.1	.	285282	2	C	T	0.043	4.232732e-01	3.487873e-01	-6.113420e+01	9.250929e-01	1.000000e+05	2.309805e-01	3.234769e-01	3.309098e-01
CP021828.1	.	285298	2	A	G	0.064	3.456118e-01	2.867897e-01	-6.110378e+01	9.922617e-01	1.000000e+05	2.341954e-01	3.088278e-01	3.165633e-01
CP021828.1	.	285301	3	A	G	0.087	-1.591163e-01	2.428556e-01	-6.120241e+01	1.610253e+00	1.000000e+05	5.155402e-01	3.598461e-01	3.665504e-01
CP021828.1	.	288053	1	GCC	G	0.167	4.027232e-01	1.828374e-01	-6.019694e+01	5.948312e-01	1.000000e+05	3.256080e-02	9.141023e-02	1.028150e-01
CP021828.1	.	288056	1	A	C	0.146	4.703000e-01	1.934833e-01	-5.971928e+01	4.218129e-01	1.000000e+05	1.893945e-02	5.110913e-02	6.181154e-02
CP021828.1	.	288081	1	CGCGAGT	C	0.062	7.403753e-01	2.777579e-01	-5.876889e+01	8.666814e-01	1.000000e+05	1.050301e-02	1.691217e-02	2.469008e-02
CP021828.1	.	291191	0	C	CG	0.449	1.675940e-01	1.555594e-01	-6.121717e+01	8.524704e-01	1.000000e+05	2.868169e-01	3.684435e-01	3.749811e-01
CP021828.1	.	292665	2	TA	T	0.447	2.796245e-01	1.427807e-01	-5.962842e+01	1.080413e+00	1.000000e+05	5.613046e-02	4.586871e-02	5.634195e-02
CP021828.1	.	296579	3	T	TC	0.065	-1.570961e-01	2.722740e-01	-6.116400e+01	1.466463e+00	1.000000e+05	5.667079e-01	3.387263e-01	3.458495e-01
CP021828.1	.	297100	0	A	T	0.041	-1.518368e-01	3.314066e-01	-6.152878e+01	1.247910e+00	1.000000e+05	6.489498e-01	6.665316e-01	6.687961e-01
CP021828.1	.	297103	0	A	T	0.020	3.800384e-01	4.680628e-01	-6.116340e+01	1.504619e+00	1.000000e+05	4.209200e-01	3.384087e-01	3.455382e-01
CP021828.1	.	297736	0	A	G	0.184	1.128803e-01	1.799916e-01	-6.151737e+01	1.326218e+00	1.000000e+05	5.336009e-01	6.479448e-01	6.503945e-01
CP021828.1	.	297754	2	A	G	0.085	-4.643470e-02	2.444080e-01	-6.152914e+01	1.355323e+00	1.000000e+05	8.501364e-01	6.671333e-01	6.693919e-01
CP021828.1	.	297802	1	G	A	0.021	1.000992e-01	4.912443e-01	-6.162152e+01	1.317126e+00	1.000000e+05	8.394156e-01	9.884382e-01	9.884995e-01
CP021828.1	.	298110	0	G	C	0.224	-2.238270e-02	1.629325e-01	-6.151554e+01	1.404842e+00	1.000000e+05	8.913220e-01	6.450725e-01	6.475516e-01
CP021828.1	.	298986	0	T	C	0.020	-5.015464e-01	4.460726e-01	-6.049489e+01	1.670918e+00	1.000000e+05	2.665698e-01	1.333157e-01	1.444692e-01
CP021828.1	.	299051	2	C	T	0.043	5.425713e-01	3.405382e-01	-6.074595e+01	8.647460e-01	1.000000e+05	1.178021e-01	1.857089e-01	1.960118e-01
CP021828.1	.	300818	2	A	G	0.340	-1.533730e-01	1.438892e-01	-6.120965e+01	1.082297e+00	1.000000e+05	2.919095e-01	3.640318e-01	3.706546e-01
CP021828.1	.	301039	4	A	C	0.044	-2.598632e-01	3.510655e-01	-6.155745e+01	1.254540e+00	1.000000e+05	4.628526e-01	7.201579e-01	7.219363e-01
CP021828.1	.	301132	0	T	C	0.449	4.964915e-02	1.405110e-01	-6.150651e+01	1.357420e+00	1.000000e+05	7.254082e-01	6.313591e-01	6.339820e-01
CP021828.1	.	301231	0	G	A	0.184	-2.455217e-01	1.799766e-01	-6.080781e+01	1.428979e+00	1.000000e+05	1.790060e-01	2.020332e-01	2.120155e-01
CP021828.1	.	301273	3	C	T	0.087	1.096340e-01	2.707987e-01	-6.157635e+01	1.312638e+00	1.000000e+05	6.874215e-01	7.634855e-01	7.649180e-01
CP021828.1	.	301297	0	A	G	0.061	1.419053e-01	3.097032e-01	-6.135734e+01	1.451987e+00	1.000000e+05	6.489219e-01	4.672152e-01	4.720089e-01
CP021828.1	.	301548	0	C	T	0.102	2.225561e-01	2.246790e-01	-6.079398e+01	1.599518e+00	1.000000e+05	3.269771e-01	1.982415e-01	2.082998e-01
CP021828.1	.	301581	0	T	C	0.102	1.431564e-01	2.337021e-01	-6.145017e+01	1.308726e+00	1.000000e+05	5.431203e-01	5.581524e-01	5.616360e-01
CP021828.1	.	302464	0	G	T	0.061	-4.948643e-01	2.545432e-01	-5.989600e+01	1.292034e+00	1.000000e+05	5.787958e-02	6.320382e-02	7.428058e-02
CP021828.1	.	360934	0	T	C	0.020	1.828930e-01	5.276411e-01	-6.140882e+01	1.462255e+00	1.000000e+05	7.304210e-01	5.141516e-01	5.182341e-01
CP021828.1	.	364930	2	A	G	0.043	-3.684795e-01	3.335045e-01	-6.153781e+01	9.910663e-01	1.000000e+05	2.748396e-01	6.822303e-01	6.843453e-01
CP021828.1	.	364939	1	G	A	0.083	-3.167749e-01	2.345550e-01	-6.112028e+01	1.078941e+00	1.000000e+05	1.833113e-01	3.166635e-01	3.242366e-01
CP021828.1	.	365005	0	G	A	0.020	-4.462491e-01	4.523810e-01	-6.146585e+01	1.034909e+00	1.000000e+05	3.289659e-01	5.767316e-01	5.799812e-01
CP021828.1	.	365016	1	C	G	0.042	-3.493280e-02	3.241064e-01	-6.160829e+01	1.232933e+00	1.000000e+05	9.146275e-01	8.703109e-01	8.710283e-01
CP021828.1	.	365134	0	T	G	0.061	-2.237042e-01	2.740211e-01	-6.129462e+01	1.333241e+00	1.000000e+05	4.184039e-01	4.186851e-01	4.242945e-01
CP021828.1	.	365146	1	G	A	0.104	3.097611e-01	2.228214e-01	-6.093105e+01	1.125824e+00	1.000000e+05	1.710243e-01	2.399075e-01	2.491032e-01
CP021828.1	.	365169	0	T	A	0.061	-1.477528e-01	2.842816e-01	-6.155685e+01	1.313061e+00	1.000000e+05	6.056834e-01	7.189117e-01	7.207006e-01
CP021828.1	.	365170	0	T	G	0.041	2.182639e-01	3.571757e-01	-6.131392e+01	1.439394e+00	1.000000e+05	5.440891e-01	4.327600e-01	4.381244e-01
CP021828.1	.	365221	0	A	G	0.224	-1.445963e-02	1.628856e-01	-6.159794e+01	1.331368e+00	1.000000e+05	9.296405e-01	8.277002e-01	8.286831e-01
CP021828.1	.	365233	3	T	G	0.370	1.304618e-01	1.546977e-01	-6.043997e+01	1.982922e+00	1.000000e+05	4.033138e-01	1.242195e-01	1.354739e-01
CP021828.1	.	365248	2	A	G	0.191	1.354591e-01	1.826640e-01	-6.154776e+01	1.184436e+00	1.000000e+05	4.620344e-01	7.007195e-01	7.026662e-01
CP021828.1	.	365251	4	T	C	0.178	2.055501e-01	1.910264e-01	-6.055437e+01	1.529240e+00	1.000000e+05	2.874065e-01	1.440171e-01	1.550291e-01
CP021828.1	.	365254	2	A	G	0.149	-5.382348e-02	2.089869e-01	-6.139987e+01	1.577343e+00	1.000000e+05	7.978825e-01	5.054314e-01	5.096403e-01
CP021828.1	.	365264	2	G	C	0.468	8.781975e-02	1.541074e-01	-6.111657e+01	1.806136e+00	1.000000e+05	5.714862e-01	3.148765e-01	3.224865e-01
CP021828.1	.	365296	3	A	G	0.261	2.774161e-02	1.815749e-01	-6.162124e+01	1.474544e+00	1.000000e+05	8.792232e-01	9.779173e-01	9.780346e-01
CP021828.1	.	365299	1	A	G	0.354	-2.916903e-02	1.591877e-01	-6.139747e+01	1.553516e+00	1.000000e+05	8.554005e-01	5.031413e-01	5.073839e-01
CP021828.1	.	365326	2	A	G	0.277	6.022287e-03	1.759465e-01	-6.156844e+01	1.471431e+00	1.000000e+05	9.728403e-01	7.443264e-01	7.459071e-01
CP021828.1	.	365329	2	G	C	0.468	9.343860e-03	1.461886e-01	-6.161963e+01	1.387643e+00	1.000000e+05	9.493078e-01	9.496406e-01	9.499095e-01
CP021828.1	.	365413	3	T	A	0.174	5.631274e-02	1.982977e-01	-6.151957e+01	1.361913e+00	1.000000e+05	7.776725e-01	6.514283e-01	6.538426e-01
CP021828.1	.	365437	0	G	T	0.041	1.804944e-01	3.485873e-01	-6.130062e+01	1.364309e+00	1.000000e+05	6.070348e-01	4.229857e-01	4.285195e-01
CP021828.1	.	365455	2	A	G	0.213	2.384850e-01	1.789157e-01	-6.139261e+01	8.615677e-01	1.000000e+05	1.889750e-01	4.985490e-01	5.028596e-01
CP021828.1	.	365462	2	C	G	0.191	4.004389e-01	1.825033e-01	-6.055391e+01	6.308175e-01	1.000000e+05	3.320358e-02	1.439301e-01	1.549433e-01
CP021828.1	.	365470	3	T	C	0.217	9.386048e-02	1.873019e-01	-6.158712e+01	1.272231e+00	1.000000e+05	6.186267e-01	7.928004e-01	7.940193e-01
CP021828.1	.	365473	4	C	T	0.178	3.003678e-01	1.970315e-01	-6.112984e+01	8.763023e-01	1.000000e+05	1.340935e-01	3.213182e-01	3.287954e-01
CP021828.1	.	365506	1	A	G	0.188	2.358954e-01	1.812114e-01	-6.071821e+01	1.120800e+00	1.000000e+05	1.993397e-01	1.788888e-01	1.893202e-01
CP021828.1	.	365512	0	A	G	0.347	2.356792e-01	1.449729e-01	-6.111603e+01	7.158926e-01	1.000000e+05	1.107058e-01	3.146217e-01	3.222370e-01
CP021828.1	.	365529	3	A	C	0.457	-2.226498e-02	1.531835e-01	-6.159094e+01	1.357214e+00	1.000000e+05	8.850573e-01	8.043439e-01	8.054826e-01
CP021828.1	.	365581	3	G	T	0.326	-2.874190e-01	1.588232e-01	-5.967545e+01	2.029453e+00	1.000000e+05	7.674275e-02	4.850690e-02	5.910145e-02
CP021828.1	.	365593	0	G	A	0.143	-2.197759e-01	1.996647e-01	-6.114727e+01	1.539134e+00	1.000000e+05	2.766219e-01	3.300492e-01	3.373479e-01
CP021828.1	.	365602	1	A	G	0.146	-3.001858e-01	2.114461e-01	-6.021449e+01	2.076803e+00	1.000000e+05	1.623001e-01	9.342942e-02	1.048376e-01
CP021828.1	.	365605	0	T	G	0.082	-1.328941e-01	2.727541e-01	-6.140699e+01	1.616066e+00	1.000000e+05	6.283597e-01	5.123458e-01	5.164543e-01
CP021828.1	.	365659	0	A	G	0.041	-4.655755e-01	3.402239e-01	-6.027479e+01	1.814017e+00	1.000000e+05	1.776810e-01	1.007479e-01	1.121523e-01
CP021828.1	.	365733	1	G	T	0.333	1.503125e-01	1.565257e-01	-6.161482e+01	7.952104e-01	1.000000e+05	3.418161e-01	9.071297e-01	9.076331e-01
CP021828.1	.	365740	2	G	A	0.255	1.981860e-01	1.715088e-01	-6.161501e+01	6.538246e-01	1.000000e+05	2.537083e-01	9.084189e-01	9.089151e-01
CP021828.1	.	365743	4	G	C	0.267	3.093988e-01	1.703985e-01	-6.071210e+01	6.048325e-01	1.000000e+05	7.579313e-02	1.774271e-01	1.878856e-01
CP021828.1	.	365766	0	T	C	0.224	-3.848344e-02	1.813228e-01	-6.142836e+01	1.570048e+00	1.000000e+05	8.328397e-01	5.341324e-01	5.379350e-01
CP021828.1	.	365781	0	T	C	0.041	4.527624e-02	3.424171e-01	-6.160646e+01	1.349996e+00	1.000000e+05	8.953705e-01	8.617562e-01	8.625252e-01
CP021828.1	.	365794	2	A	G	0.064	4.885050e-01	2.800693e-01	-5.994280e+01	1.286528e+00	1.000000e+05	8.765655e-02	6.689386e-02	7.805049e-02
CP021828.1	.	365824	4	G	C	0.044	9.621270e-01	3.331992e-01	-5.879384e+01	6.135951e-01	1.000000e+05	5.851463e-03	1.740008e-02	2.525931e-02
CP021828.1	.	365839	2	G	A	0.191	1.549843e-01	1.847180e-01	-6.144483e+01	1.187109e+00	1.000000e+05	4.056986e-01	5.520939e-01	5.556562e-01
CP021828.1	.	365881	3	C	A	0.109	-3.299652e-01	2.181902e-01	-6.008461e+01	1.683434e+00	1.000000e+05	1.371575e-01	7.955259e-02	9.089030e-02
CP021828.1	.	365899	1	C	G	0.438	-9.131210e-02	1.492817e-01	-6.114279e+01	1.712829e+00	1.000000e+05	5.436995e-01	3.277748e-01	3.351199e-01
CP021828.1	.	365931	4	C	T	0.333	-3.877705e-02	1.656160e-01	-6.152327e+01	1.514891e+00	1.000000e+05	8.158946e-01	6.573912e-01	6.597456e-01
CP021828.1	.	392642	2	A	G	0.489	2.535697e-02	1.406522e-01	-6.144292e+01	1.450588e+00	1.000000e+05	8.577067e-01	5.499536e-01	5.535440e-01
CP021828.1	.	392819	0	G	C	0.224	2.979938e-01	1.682696e-01	-5.976536e+01	1.491421e+00	1.000000e+05	8.305700e-02	5.400591e-02	6.481587e-02
CP021828.1	.	626056	1	C	T	0.125	-6.165899e-02	2.409366e-01	-6.155072e+01	1.560326e+00	1.000000e+05	7.991342e-01	7.064998e-01	7.083955e-01
CP021828.1	.	626067	0	AG	A	0.143	-4.226572e-03	2.217738e-01	-6.161132e+01	1.484751e+00	1.000000e+05	9.848755e-01	8.858589e-01	8.864845e-01
CP021828.1	.	626086	1	C	T	0.167	-5.007318e-03	2.117060e-01	-6.158051e+01	1.471073e+00	1.000000e+05	9.812301e-01	7.743025e-01	7.756544e-01
CP021828.1	.	626107	3	C	T	0.217	-2.235957e-01	1.823890e-01	-6.150288e+01	1.200550e+00	1.000000e+05	2.263331e-01	6.260240e-01	6.287042e-01
CP021828.1	.	626113	3	T	C	0.196	-1.825055e-01	2.025609e-01	-6.156585e+01	1.386279e+00	1.000000e+05	3.721871e-01	7.383952e-01	7.400233e-01
CP021828.1	.	626140	2	C	G	0.064	-1.494706e-01	2.860652e-01	-6.156173e+01	1.314473e+00	1.000000e+05	6.037728e-01	7.292617e-01	7.309641e-01
CP021828.1	.	626152	0	G	A	0.204	-2.530116e-01	2.032531e-01	-6.085379e+01	1.791509e+00	1.000000e+05	2.193726e-01	2.152644e-01	2.249770e-01
CP021828.1	.	626167	2	C	T	0.255	-2.542426e-01	1.691843e-01	-6.107069e+01	1.225695e+00	1.000000e+05	1.395919e-01	2.938558e-01	3.019048e-01
CP021828.1	.	626170	3	C	G	0.217	-2.689782e-01	1.965438e-01	-6.081400e+01	1.653457e+00	1.000000e+05	1.776491e-01	2.037568e-01	2.137045e-01
CP021828.1	.	626221	0	C	G	0.490	-3.030869e-01	1.537246e-01	-5.924289e+01	1.726450e+00	1.000000e+05	5.455512e-02	2.917151e-02	3.849975e-02
CP021828.1	.	626227	1	T	C	0.479	2.655909e-01	1.624202e-01	-5.997424e+01	1.539172e+00	1.000000e+05	1.086860e-01	6.950113e-02	8.070615e-02
CP021828.1	.	626260	2	C	T	0.489	-2.773682e-01	1.551150e-01	-6.081741e+01	8.415065e-01	1.000000e+05	8.020007e-02	2.047146e-01	2.146428e-01
CP021828.1	.	626271	0	T	TC	0.469	1.437168e-01	1.628053e-01	-6.161593e+01	9.134122e-01	1.000000e+05	3.818630e-01	9.149989e-01	9.154581e-01
CP021828.1	.	626284	3	A	C	0.435	3.125422e-01	1.581474e-01	-6.142908e+01	3.626936e-01	1.000000e+05	5.400962e-02	5.348995e-01	5.386916e-01
CP021828.1	.	626286	3	A	C	0.457	3.273756e-01	1.515959e-01	-6.147032e+01	3.085912e-01	1.000000e+05	3.594382e-02	5.822504e-01	5.854326e-01
CP021828.1	.	626293	0	T	C	0.388	2.665125e-01	1.713953e-01	-6.115151e+01	7.847545e-01	1.000000e+05	1.266647e-01	3.322198e-01	3.394745e-01
CP021828.1	.	626298	1	C	T	0.438	3.282880e-01	1.600635e-01	-6.025748e+01	8.236894e-01	1.000000e+05	4.586611e-02	9.858519e-02	1.099933e-01
CP021828.1	.	626305	2	A	G	0.383	2.581257e-01	1.708040e-01	-6.136774e+01	7.311612e-01	1.000000e+05	1.374225e-01	4.761111e-01	4.807643e-01
CP021828.1	.	626308	1	G	T	0.396	3.106995e-01	1.520735e-01	-6.099173e+01	4.779861e-01	1.000000e+05	4.667333e-02	2.616904e-01	2.704223e-01
CP021828.1	.	661775	1	C	T	0.208	-1.214457e-01	1.713997e-01	-6.143692e+01	1.350540e+00	1.000000e+05	4.821017e-01	5.433309e-01	5.470091e-01
CP021828.1	.	897897	1	T	C	0.021	2.152640e-01	4.879621e-01	-6.157339e+01	1.322533e+00	1.000000e+05	6.611279e-01	7.561142e-01	7.576028e-01
CP021828.1	.	898518	0	G	C	0.041	4.217117e-01	3.329824e-01	-6.036249e+01	1.763962e+00	1.000000e+05	2.115861e-01	1.125348e-01	1.238867e-01
CP021828.1	.	911042	0	A	T	0.020	-4.335759e-01	4.569016e-01	-6.161905e+01	9.388745e-01	1.000000e+05	3.475012e-01	9.428347e-01	9.431405e-01
CP021828.1	.	994802	1	C	T	0.062	3.654159e-02	2.773568e-01	-6.155453e+01	1.351891e+00	1.000000e+05	8.957449e-01	7.141289e-01	7.159585e-01
CP021828.1	.	994803	0	A	C	0.061	1.319083e-01	2.645937e-01	-6.154370e+01	1.286165e+00	1.000000e+05	6.204346e-01	6.930066e-01	6.950224e-01
CP021828.1	.	995452	0	T	C	0.041	3.456020e-01	3.466479e-01	-6.153934e+01	9.370067e-01	1.000000e+05	3.238783e-01	6.849926e-01	6.870819e-01
CP021828.1	.	1322288	2	C	G	0.021	-2.486009e-01	5.098756e-01	-6.162146e+01	1.297631e+00	1.000000e+05	6.281198e-01	9.857269e-01	9.858026e-01
CP021828.1	.	1322354	0	G	A	0.041	7.717674e-02	3.792878e-01	-6.142444e+01	1.470813e+00	1.000000e+05	8.396398e-01	5.300155e-01	5.338747e-01
CP021828.1	.	1452970	0	G	T	0.020	-1.912348e-01	4.739597e-01	-6.131049e+01	1.451045e+00	1.000000e+05	6.884226e-01	4.302042e-01	4.356127e-01
CP021828.1	.	1452986	2	CA	C	0.064	3.138137e-01	2.974476e-01	-6.063743e+01	1.506256e+00	1.000000e+05	2.968087e-01	1.606185e-01	1.713730e-01
CP021828.1	.	1471780	2	G	A	0.468	7.785837e-02	1.413033e-01	-6.162151e+01	1.139845e+00	1.000000e+05	5.842423e-01	9.879369e-01	9.880009e-01
