chr	rs	ps	n_miss	allele1	allele0	af	beta	se	logl_H1	l_remle	l_mle	p_wald	p_lrt	p_score
CP021825.1	.	10624	0	T	TCTGGCCGGACG	0.184	9.353247e-02	1.775668e-01	-6.154557e+01	1.743672e+00	1.000000e+05	6.008479e-01	7.608108e-01	7.622636e-01
CP021825.1	.	218304	0	T	C	0.020	6.455157e-01	4.434986e-01	-6.039004e+01	2.148435e+00	1.000000e+05	1.521761e-01	1.210460e-01	1.323308e-01
CP021825.1	.	526844	0	G	T	0.020	2.396426e-01	4.494998e-01	-6.151784e+01	1.882147e+00	1.000000e+05	5.964544e-01	7.003281e-01	7.022783e-01
CP021825.1	.	1038788	1	G	C	0.312	2.445512e-02	1.530577e-01	-6.158791e+01	2.022448e+00	1.000000e+05	8.737413e-01	9.287738e-01	9.291565e-01
CP021825.1	.	1038838	4	C	T	0.244	-1.532363e-01	1.725047e-01	-6.067140e+01	3.128990e+00	1.000000e+05	3.789021e-01	1.748337e-01	1.853397e-01
CP021825.1	.	1247320	0	T	C	0.020	-8.119573e-01	4.324660e-01	-6.055878e+01	1.329923e+00	1.000000e+05	6.666241e-02	1.505914e-01	1.615064e-01
CP021825.1	.	1356055	0	T	TC	0.163	2.034983e-01	1.956966e-01	-6.090055e+01	2.070588e+00	1.000000e+05	3.037222e-01	2.396422e-01	2.488436e-01
CP021825.1	.	1358090	0	G	T	0.041	3.214606e-01	3.299743e-01	-6.134335e+01	1.774257e+00	1.000000e+05	3.349453e-01	4.807744e-01	4.853549e-01
CP021825.1	.	1358203	0	ATG	A	0.388	1.180452e-01	1.478038e-01	-6.139062e+01	1.848292e+00	1.000000e+05	4.285041e-01	5.257697e-01	5.296879e-01
CP021825.1	.	1360089	0	C	T	0.020	6.593571e-01	4.835440e-01	-6.138531e+01	1.099897e+00	1.000000e+05	1.791917e-01	5.203614e-01	5.243555e-01
CP021825.1	.	1377217	0	G	A	0.020	4.181682e-01	4.386131e-01	-6.062535e+01	2.414848e+00	1.000000e+05	3.452716e-01	1.644194e-01	1.751097e-01
CP021825.1	.	1377263	2	G	C	0.213	1.154171e-01	1.858310e-01	-6.115366e+01	2.263766e+00	1.000000e+05	5.375433e-01	3.491670e-01	3.560815e-01
CP021825.1	.	1377284	3	A	C	0.087	1.655191e-01	2.557927e-01	-6.132836e+01	2.065752e+00	1.000000e+05	5.207262e-01	4.678371e-01	4.726210e-01
CP021825.1	.	1377293	1	G	C	0.146	3.508235e-02	2.104335e-01	-6.157600e+01	2.004756e+00	1.000000e+05	8.683097e-01	8.584752e-01	8.592642e-01
CP021825.1	.	1377296	0	T	C	0.184	6.733619e-02	1.976121e-01	-6.157267e+01	2.025055e+00	1.000000e+05	7.348108e-01	8.445151e-01	8.453906e-01
CP021825.1	.	1377315	0	G	C	0.102	9.557704e-02	2.319901e-01	-6.156392e+01	1.979028e+00	1.000000e+05	6.822215e-01	8.129877e-01	8.140678e-01
CP021825.1	.	1377395	0	C	T	0.061	-6.428059e-02	2.718260e-01	-6.153940e+01	1.883057e+00	1.000000e+05	8.140902e-01	7.458988e-01	7.474671e-01
CP021825.1	.	1377398	0	T	C	0.020	-9.682122e-02	4.962921e-01	-6.157018e+01	2.005024e+00	1.000000e+05	8.461641e-01	8.348863e-01	8.358229e-01
CP021825.1	.	1377584	2	A	G	0.106	1.953629e-02	2.368822e-01	-6.159075e+01	1.997171e+00	1.000000e+05	9.346211e-01	9.616648e-01	9.618689e-01
CP021825.1	.	1377602	1	C	T	0.125	-1.014435e-01	2.209469e-01	-6.150329e+01	2.062499e+00	1.000000e+05	6.482569e-01	6.737775e-01	6.759721e-01
CP021825.1	.	1377690	0	A	G	0.041	-3.666741e-01	3.629054e-01	-6.114121e+01	1.975011e+00	1.000000e+05	3.174846e-01	3.424132e-01	3.494624e-01
CP021825.1	.	1377704	1	A	T	0.500	3.018886e-02	1.415108e-01	-6.158888e+01	1.949342e+00	1.000000e+05	8.319903e-01	9.380782e-01	9.384099e-01
CP021825.1	.	1377749	0	A	C	0.041	-7.602479e-02	3.232181e-01	-6.159090e+01	1.718382e+00	1.000000e+05	8.150660e-01	9.642445e-01	9.644348e-01
CP021825.1	.	1377794	0	G	C	0.082	-1.808011e-01	2.353497e-01	-6.132206e+01	1.703017e+00	1.000000e+05	4.461975e-01	4.625673e-01	4.674357e-01
CP021825.1	.	1377877	2	A	G	0.128	-1.507800e-01	2.012703e-01	-6.141934e+01	1.613333e+00	1.000000e+05	4.575049e-01	5.568898e-01	5.603896e-01
CP021825.1	.	1732471	0	A	AT	0.061	-1.485689e-01	3.238137e-01	-6.137902e+01	2.410731e+00	1.000000e+05	6.484855e-01	5.140764e-01	5.181601e-01
CP021825.1	.	1732500	1	G	A	0.083	-6.558910e-02	2.697752e-01	-6.152623e+01	2.177053e+00	1.000000e+05	8.089665e-01	7.170464e-01	7.188512e-01
CP021825.1	.	1732515	1	T	G	0.292	2.128672e-02	1.758864e-01	-6.141312e+01	1.989192e+00	1.000000e+05	9.041869e-01	5.498625e-01	5.534541e-01
CP021825.1	.	1732521	0	G	T	0.224	9.038486e-02	1.870950e-01	-6.150042e+01	1.969894e+00	1.000000e+05	6.312704e-01	6.688381e-01	6.710802e-01
CP021825.1	.	1732545	3	A	G	0.304	-1.169163e-01	1.825067e-01	-6.110919e+01	2.700934e+00	1.000000e+05	5.248849e-01	3.258259e-01	3.332107e-01
CP021825.1	.	1732551	1	T	C	0.312	-1.621379e-01	1.811438e-01	-6.078269e+01	2.989043e+00	1.000000e+05	3.753062e-01	2.033119e-01	2.132685e-01
CP021825.1	.	1732566	2	C	A	0.404	-5.070483e-02	1.529367e-01	-6.151833e+01	1.837116e+00	1.000000e+05	7.417096e-01	7.012748e-01	7.032165e-01
CP021825.1	.	1732594	3	A	G	0.174	1.453936e-03	1.945635e-01	-6.152986e+01	2.034224e+00	1.000000e+05	9.940692e-01	7.246531e-01	7.263938e-01
CP021825.1	.	1904758	0	G	C	0.041	-1.760889e-01	3.653952e-01	-6.138313e+01	2.366438e+00	1.000000e+05	6.321039e-01	5.181662e-01	5.221914e-01
CP021826.1	.	143947	0	AT	A	0.469	3.976070e-02	1.406714e-01	-6.135477e+01	2.199684e+00	1.000000e+05	7.786866e-01	4.910340e-01	4.954574e-01
CP021826.1	.	148361	3	CA	C	0.022	2.125559e-02	4.355967e-01	-6.136870e+01	1.800259e+00	1.000000e+05	9.612883e-01	5.040429e-01	5.082722e-01
CP021827.1	.	12013	3	A	AT	0.478	2.964203e-01	1.422788e-01	-6.117967e+01	4.663590e-01	1.000000e+05	4.268137e-02	3.638757e-01	3.705016e-01
CP021827.1	.	12058	0	A	AGGG	0.469	2.262003e-01	1.405192e-01	-6.144570e+01	7.145513e-01	1.000000e+05	1.141502e-01	5.886834e-01	5.917882e-01
CP021827.1	.	16476	4	AC	A	0.467	-3.237525e-02	1.529837e-01	-6.155683e+01	2.153883e+00	1.000000e+05	8.333143e-01	7.911184e-01	7.923491e-01
CP021827.1	.	74787	2	A	G	0.043	-1.002442e-01	3.536525e-01	-6.158748e+01	1.955908e+00	1.000000e+05	7.780738e-01	9.250344e-01	9.254378e-01
CP021827.1	.	74828	0	G	C	0.061	3.143287e-02	3.069652e-01	-6.149550e+01	2.077978e+00	1.000000e+05	9.188758e-01	6.605900e-01	6.629127e-01
CP021827.1	.	74859	1	GC	G	0.208	-2.144261e-02	1.707030e-01	-6.148005e+01	1.878701e+00	1.000000e+05	9.005736e-01	6.362273e-01	6.387986e-01
CP021827.1	.	74963	0	CG	C	0.163	-3.475042e-02	1.796235e-01	-6.159122e+01	1.921612e+00	1.000000e+05	8.474304e-01	9.706036e-01	9.707599e-01
CP021827.1	.	74986	3	G	C	0.043	-7.815017e-02	3.333580e-01	-6.147500e+01	1.718824e+00	1.000000e+05	8.156670e-01	6.287169e-01	6.313681e-01
CP021827.1	.	109668	0	C	G	0.082	2.654568e-01	2.480462e-01	-6.105929e+01	2.242626e+00	1.000000e+05	2.899988e-01	3.020275e-01	3.099049e-01
CP021827.1	.	302275	3	A	AT	0.152	-3.222039e-02	1.986000e-01	-6.158967e+01	1.907426e+00	1.000000e+05	8.718142e-01	9.467247e-01	9.470094e-01
CP021827.1	.	322944	0	C	T	0.061	-1.582158e-01	3.059970e-01	-6.125861e+01	2.447439e+00	1.000000e+05	6.075460e-01	4.142483e-01	4.199363e-01
CP021827.1	.	322957	0	T	C	0.082	-2.848869e-01	2.436669e-01	-6.063426e+01	2.700542e+00	1.000000e+05	2.482325e-01	1.663774e-01	1.770339e-01
CP021827.1	.	352369	0	G	C	0.061	1.891314e-01	3.036170e-01	-6.156814e+01	1.628405e+00	1.000000e+05	5.363431e-01	8.274387e-01	8.284233e-01
CP021827.1	.	352549	0	C	T	0.163	4.943417e-02	1.855011e-01	-6.148819e+01	1.907329e+00	1.000000e+05	7.910276e-01	6.487909e-01	6.512320e-01
CP021827.1	.	352609	0	G	A	0.122	-1.747908e-02	2.036247e-01	-6.159170e+01	1.929533e+00	1.000000e+05	9.319585e-01	9.840814e-01	9.841659e-01
CP021827.1	.	359548	0	C	A	0.224	2.489397e-02	1.894748e-01	-6.135563e+01	1.965940e+00	1.000000e+05	8.960323e-01	4.918230e-01	4.962344e-01
CP021827.1	.	359571	1	G	A	0.354	9.574193e-02	1.647241e-01	-6.146508e+01	1.931503e+00	1.000000e+05	5.638653e-01	6.145204e-01	6.173270e-01
CP021827.1	.	359578	0	G	T	0.388	-6.374210e-03	1.512478e-01	-6.152430e+01	2.097274e+00	1.000000e+05	9.665623e-01	7.131027e-01	7.149412e-01
CP021827.1	.	387590	0	C	G	0.020	-7.282677e-01	4.349749e-01	-6.033214e+01	1.483430e+00	1.000000e+05	1.007194e-01	1.124442e-01	1.237967e-01
CP021827.1	.	392984	0	ACC	A	0.020	3.962631e-01	4.756661e-01	-6.140839e+01	1.711010e+00	1.000000e+05	4.090188e-01	5.446335e-01	5.482943e-01
CP021827.1	.	399746	1	C	A	0.146	-1.363161e-01	1.910132e-01	-6.108595e+01	2.402164e+00	1.000000e+05	4.789740e-01	3.144471e-01	3.220660e-01
CP021827.1	.	418234	0	T	G	0.020	-1.754671e-01	4.417089e-01	-6.157480e+01	1.595547e+00	1.000000e+05	6.929844e-01	8.532553e-01	8.540763e-01
CP021827.1	.	431565	0	G	C	0.041	-3.157823e-01	3.616404e-01	-6.148374e+01	1.709328e+00	1.000000e+05	3.869968e-01	6.418540e-01	6.443665e-01
CP021827.1	.	431583	1	T	C	0.062	-4.167804e-02	3.000764e-01	-6.156846e+01	1.982871e+00	1.000000e+05	8.901294e-01	8.285703e-01	8.295475e-01
CP021827.1	.	431631	3	C	A	0.065	-1.828873e-01	2.986849e-01	-6.132585e+01	2.146680e+00	1.000000e+05	5.432849e-01	4.657221e-01	4.705397e-01
CP021827.1	.	431663	3	G	A	0.348	2.548772e-01	1.480152e-01	-6.033111e+01	1.918776e+00	1.000000e+05	9.165169e-02	1.122983e-01	1.236517e-01
CP021827.1	.	431703	0	C	G	0.408	1.946073e-01	1.448402e-01	-6.064858e+01	1.998347e+00	1.000000e+05	1.855289e-01	1.695807e-01	1.801810e-01
CP021827.1	.	431760	4	C	G	0.356	2.314840e-01	1.470694e-01	-6.128517e+01	1.069388e+00	1.000000e+05	1.222008e-01	4.334897e-01	4.388417e-01
CP021827.1	.	431808	0	C	T	0.102	1.219361e-01	2.240878e-01	-6.101353e+01	2.455760e+00	1.000000e+05	5.889144e-01	2.821420e-01	2.904386e-01
CP021827.1	.	431838	0	A	C	0.041	1.621461e-01	3.430443e-01	-6.144623e+01	2.125482e+00	1.000000e+05	6.386376e-01	5.893565e-01	5.924533e-01
CP021827.1	.	431967	3	G	T	0.087	-1.892293e-02	2.456098e-01	-6.146953e+01	1.875067e+00	1.000000e+05	9.389151e-01	6.207982e-01	6.235354e-01
CP021827.1	.	431968	4	C	T	0.044	-6.135052e-02	3.285977e-01	-6.151758e+01	1.758650e+00	1.000000e+05	8.526963e-01	6.998394e-01	7.017939e-01
CP021827.1	.	432981	0	C	A	0.020	-4.082857e-01	4.795614e-01	-6.132695e+01	1.725038e+00	1.000000e+05	3.988792e-01	4.666468e-01	4.714497e-01
CP021827.1	.	444780	0	C	A	0.041	3.685620e-02	3.340358e-01	-6.159149e+01	1.913267e+00	1.000000e+05	9.126127e-01	9.771521e-01	9.772735e-01
CP021827.1	.	452198	1	AG	A	0.125	-1.511448e-01	2.016797e-01	-6.146135e+01	1.566181e+00	1.000000e+05	4.573329e-01	6.093571e-01	6.122218e-01
CP021827.1	.	471937	1	C	CT	0.271	-7.196325e-02	1.666122e-01	-6.159154e+01	1.635815e+00	1.000000e+05	6.677742e-01	9.784831e-01	9.785974e-01
CP021827.1	.	551651	0	T	G	0.020	-6.126269e-01	4.209123e-01	-6.069307e+01	1.819705e+00	1.000000e+05	1.521854e-01	1.799947e-01	1.904055e-01
CP021827.1	.	554119	0	GA	G	0.429	2.103700e-01	1.370865e-01	-6.049333e+01	1.441295e+00	1.000000e+05	1.315923e-01	1.382660e-01	1.493568e-01
CP021827.1	.	556422	0	T	TC	0.143	8.952998e-02	2.015491e-01	-6.149611e+01	1.984327e+00	1.000000e+05	6.589299e-01	6.615937e-01	6.639065e-01
CP021827.1	.	586523	0	G	C	0.449	3.039130e-01	1.375683e-01	-6.038529e+01	7.003580e-01	1.000000e+05	3.207220e-02	1.203144e-01	1.316057e-01
CP021827.1	.	586570	0	A	T	0.449	1.032431e-01	1.515421e-01	-6.107912e+01	2.734995e+00	1.000000e+05	4.990353e-01	3.112020e-01	3.188882e-01
CP021827.1	.	586637	0	A	G	0.327	4.987308e-01	1.486860e-01	-5.563192e+01	8.183908e+00	1.000000e+05	1.580736e-03	5.553563e-04	2.118706e-03
CP021827.1	.	586673	0	G	A	0.265	5.343906e-01	1.590607e-01	-5.570680e+01	3.087619e+00	1.000000e+05	1.556044e-03	6.018625e-04	2.231509e-03
CP021827.1	.	586713	0	C	CCAGATCGCAGTGCCGA	0.061	6.365570e-01	2.794391e-01	-6.104283e+01	4.065932e-01	1.000000e+05	2.731821e-02	2.946733e-01	3.027051e-01
CP021827.1	.	586790	1	G	A	0.062	-4.012562e-01	2.783286e-01	-6.113292e+01	1.545532e+00	1.000000e+05	1.560276e-01	3.380086e-01	3.451462e-01
CP021827.1	.	586819	1	A	G	0.062	3.957765e-02	3.191088e-01	-6.159152e+01	2.092181e+00	1.000000e+05	9.018240e-01	9.778966e-01	9.780140e-01
CP021827.1	.	586831	0	G	A	0.041	1.746047e-01	3.642290e-01	-6.153383e+01	1.977034e+00	1.000000e+05	6.338903e-01	7.332556e-01	7.349253e-01
CP021827.1	.	595041	0	G	A	0.020	7.510895e-01	4.226725e-01	-5.959216e+01	2.711010e+00	1.000000e+05	8.204000e-02	4.551436e-02	5.597033e-02
CP021827.1	.	595043	0	A	C	0.020	1.103555e-01	4.602257e-01	-6.155877e+01	1.876516e+00	1.000000e+05	8.115391e-01	7.968459e-01	7.980364e-01
CP021827.1	.	596030	1	G	GGT	0.021	2.595583e-01	4.668621e-01	-6.159185e+01	1.512702e+00	1.000000e+05	5.808730e-01	9.918039e-01	9.918473e-01
CP021827.1	.	596707	0	C	CGCGT	0.367	-2.942324e-01	1.714368e-01	-5.987907e+01	3.536979e+00	1.000000e+05	9.269731e-02	6.419026e-02	7.528974e-02
CP021827.1	.	606298	1	T	G	0.021	3.907660e-01	4.792485e-01	-6.127458e+01	1.874738e+00	1.000000e+05	4.189720e-01	4.256575e-01	4.311447e-01
CP021827.1	.	639984	3	TTGC	T	0.109	2.228168e-03	2.469330e-01	-6.159108e+01	2.082455e+00	1.000000e+05	9.928387e-01	9.675760e-01	9.677485e-01
CP021827.1	.	640681	1	G	C	0.375	3.259622e-01	1.390377e-01	-5.940242e+01	1.510291e+00	1.000000e+05	2.333401e-02	3.638506e-02	4.630219e-02
CP021827.1	.	661801	4	G	C	0.378	2.844052e-01	1.409312e-01	-6.023914e+01	1.280682e+00	1.000000e+05	4.931525e-02	1.000016e-01	1.114075e-01
CP021827.1	.	661862	0	C	G	0.367	8.938540e-02	1.433749e-01	-6.143064e+01	1.931508e+00	1.000000e+05	5.360106e-01	5.700979e-01	5.734298e-01
CP021827.1	.	661985	1	A	G	0.188	4.245090e-03	1.719418e-01	-6.145864e+01	1.906243e+00	1.000000e+05	9.804075e-01	6.056712e-01	6.085777e-01
CP021827.1	.	662382	3	A	G	0.413	-2.035567e-02	1.457716e-01	-6.157696e+01	1.937305e+00	1.000000e+05	8.895404e-01	8.627733e-01	8.635361e-01
CP021827.1	.	662502	0	C	A	0.163	2.008835e-01	1.845641e-01	-6.078149e+01	2.629513e+00	1.000000e+05	2.819588e-01	2.029762e-01	2.129396e-01
CP021827.1	.	662628	0	C	T	0.082	2.229774e-01	2.612718e-01	-6.156750e+01	1.555450e+00	1.000000e+05	3.977491e-01	8.251548e-01	8.261543e-01
CP021827.1	.	663480	0	T	G	0.041	1.065212e-01	3.412776e-01	-6.159190e+01	1.792014e+00	1.000000e+05	7.563261e-01	9.999131e-01	9.999135e-01
CP021827.1	.	663639	0	T	C	0.041	2.233584e-01	3.456303e-01	-6.152118e+01	1.860732e+00	1.000000e+05	5.212704e-01	7.068488e-01	7.087415e-01
CP021827.1	.	702429	0	AT	A	0.347	1.895649e-01	1.625859e-01	-6.148305e+01	1.009969e+00	1.000000e+05	2.495225e-01	6.407999e-01	6.433233e-01
CP021827.1	.	703232	0	AGC	A	0.020	-5.422271e-01	4.762524e-01	-6.058087e+01	2.465155e+00	1.000000e+05	2.606699e-01	1.550289e-01	1.658745e-01
CP021827.1	.	704259	4	G	A	0.156	-3.498027e-02	1.950395e-01	-6.150360e+01	2.064296e+00	1.000000e+05	8.584341e-01	6.743064e-01	6.764960e-01
CP021827.1	.	704277	0	G	A	0.082	-3.722685e-01	2.401594e-01	-6.044032e+01	2.170486e+00	1.000000e+05	1.278283e-01	1.291110e-01	1.403136e-01
CP021827.1	.	704633	0	C	G	0.204	-1.316526e-01	1.941032e-01	-6.089015e+01	3.134201e+00	1.000000e+05	5.009323e-01	2.361387e-01	2.454143e-01
CP021827.1	.	705509	1	C	T	0.229	5.595547e-02	1.738436e-01	-6.150725e+01	2.055570e+00	1.000000e+05	7.489766e-01	6.807349e-01	6.828639e-01
CP021827.1	.	707585	0	C	A	0.265	-8.544178e-02	1.676737e-01	-6.111847e+01	2.681788e+00	1.000000e+05	6.127360e-01	3.305197e-01	3.378089e-01
CP021827.1	.	707754	1	G	A	0.167	-5.550805e-02	1.818986e-01	-6.123378e+01	2.202045e+00	1.000000e+05	7.615922e-01	3.973791e-01	4.033720e-01
CP021827.1	.	707844	4	A	C	0.444	2.106734e-02	1.493757e-01	-6.158754e+01	2.006375e+00	1.000000e+05	8.884443e-01	9.255806e-01	9.259810e-01
CP021827.1	.	708071	2	T	C	0.149	-1.412334e-01	1.861094e-01	-6.117556e+01	2.093416e+00	1.000000e+05	4.517177e-01	3.614989e-01	3.681710e-01
CP021827.1	.	708380	1	T	G	0.208	-1.143727e-01	1.712834e-01	-6.126844e+01	2.292354e+00	1.000000e+05	5.075656e-01	4.212155e-01	4.267804e-01
CP021827.1	.	708434	1	G	A	0.479	2.848644e-01	1.446386e-01	-6.021844e+01	1.605818e+00	1.000000e+05	5.480693e-02	9.744137e-02	1.088505e-01
CP021827.1	.	708442	1	G	A	0.479	3.523528e-01	1.425652e-01	-5.830835e+01	2.429098e+00	1.000000e+05	1.713318e-02	1.038803e-02	1.681443e-02
CP021827.1	.	708476	1	T	C	0.333	-3.200827e-01	1.443263e-01	-6.035354e+01	1.263762e+00	1.000000e+05	3.144101e-02	1.155422e-01	1.268729e-01
CP021827.1	.	708524	3	T	A	0.109	-1.656923e-01	2.434706e-01	-6.158821e+01	1.618258e+00	1.000000e+05	4.994995e-01	9.315078e-01	9.318754e-01
CP021827.1	.	735678	0	T	A	0.020	3.305826e-02	4.438288e-01	-6.142546e+01	1.863947e+00	1.000000e+05	9.409412e-01	5.639698e-01	5.673790e-01
CP021827.1	.	735689	1	G	C	0.021	-3.477505e-01	4.244418e-01	-6.074055e+01	2.072203e+00	1.000000e+05	4.167436e-01	1.919356e-01	2.021181e-01
CP021827.1	.	770043	1	A	G	0.042	-5.888756e-02	3.948521e-01	-6.159088e+01	2.175903e+00	1.000000e+05	8.820826e-01	9.640037e-01	9.641953e-01
CP021827.1	.	770137	3	C	T	0.413	1.640462e-01	1.512854e-01	-6.067140e+01	2.298195e+00	1.000000e+05	2.837412e-01	1.748341e-01	1.853401e-01
CP021827.1	.	773282	1	T	C	0.250	9.489336e-02	1.623278e-01	-6.142887e+01	1.975734e+00	1.000000e+05	5.616268e-01	5.679887e-01	5.713471e-01
CP021827.1	.	773324	2	C	T	0.191	-1.679658e-01	1.882859e-01	-6.095645e+01	2.641651e+00	1.000000e+05	3.768955e-01	2.595972e-01	2.683738e-01
CP021827.1	.	773342	0	G	A	0.143	9.698854e-03	2.116263e-01	-6.159169e+01	2.097913e+00	1.000000e+05	9.636398e-01	9.835465e-01	9.836338e-01
CP021827.1	.	774022	0	A	T	0.061	-2.172492e-01	2.805225e-01	-6.122574e+01	2.333011e+00	1.000000e+05	4.425465e-01	3.921323e-01	3.982220e-01
CP021827.1	.	777791	0	T	G	0.061	3.056607e-03	3.354154e-01	-6.158449e+01	2.204140e+00	1.000000e+05	9.927676e-01	9.031112e-01	9.036375e-01
CP021827.1	.	778433	0	T	TC	0.061	-5.223486e-03	3.051737e-01	-6.157478e+01	2.065050e+00	1.000000e+05	9.864162e-01	8.531761e-01	8.539976e-01
CP021827.1	.	778438	1	C	T	0.083	1.188138e-01	2.829044e-01	-6.159187e+01	1.766286e+00	1.000000e+05	6.764149e-01	9.940247e-01	9.940564e-01
CP021827.1	.	778447	3	C	G	0.239	2.590515e-01	1.705325e-01	-6.109095e+01	1.262091e+00	1.000000e+05	1.354429e-01	3.168497e-01	3.244189e-01
CP021827.1	.	778456	3	A	G	0.391	2.853726e-01	1.615332e-01	-6.045009e+01	1.702936e+00	1.000000e+05	8.378048e-02	1.307468e-01	1.419307e-01
CP021827.1	.	778462	1	G	A	0.458	1.583414e-01	1.587522e-01	-6.148259e+01	1.621750e+00	1.000000e+05	3.236720e-01	6.400848e-01	6.426156e-01
CP021827.1	.	778468	2	T	C	0.447	-1.786918e-01	1.515243e-01	-6.127949e+01	1.523313e+00	1.000000e+05	2.442162e-01	4.292572e-01	4.346820e-01
CP021827.1	.	778492	0	G	A	0.184	-2.613982e-01	1.754094e-01	-6.147672e+01	7.629540e-01	1.000000e+05	1.428479e-01	6.312469e-01	6.338710e-01
CP021827.1	.	778502	4	A	G	0.200	-3.303201e-01	1.790392e-01	-6.104591e+01	8.387783e-01	1.000000e+05	7.134971e-02	2.960319e-01	3.040351e-01
CP021827.1	.	778510	4	G	C	0.289	-4.114735e-01	1.558272e-01	-5.850759e+01	1.645141e+00	1.000000e+05	1.119878e-02	1.300352e-02	2.004028e-02
CP021827.1	.	793546	0	G	A	0.082	8.863751e-02	2.648421e-01	-6.159186e+01	1.953371e+00	1.000000e+05	7.393551e-01	9.926704e-01	9.927093e-01
CP021827.1	.	793560	0	C	G	0.163	4.928197e-02	2.082887e-01	-6.157332e+01	2.085743e+00	1.000000e+05	8.139921e-01	8.471425e-01	8.480016e-01
CP021827.1	.	793567	1	G	C	0.167	2.346964e-01	2.144329e-01	-6.104319e+01	1.989055e+00	1.000000e+05	2.793140e-01	2.948308e-01	3.028592e-01
CP021827.1	.	793579	2	A	G	0.149	6.911844e-02	2.344683e-01	-6.158429e+01	2.005816e+00	1.000000e+05	7.694540e-01	9.018173e-01	9.023509e-01
CP021827.1	.	793591	3	C	G	0.152	3.532526e-02	2.216230e-01	-6.157582e+01	2.081710e+00	1.000000e+05	8.740419e-01	8.576555e-01	8.584495e-01
CP021827.1	.	809071	0	C	T	0.020	-5.499155e-01	4.248307e-01	-6.063018e+01	1.812305e+00	1.000000e+05	2.018393e-01	1.654775e-01	1.761495e-01
CP021827.1	.	958334	0	C	A	0.020	1.636106e-01	4.660298e-01	-6.155646e+01	1.902813e+00	1.000000e+05	7.271022e-01	7.900666e-01	7.913048e-01
CP021827.1	.	958352	2	G	GC	0.170	-1.603297e-01	1.876260e-01	-6.136991e+01	1.570002e+00	1.000000e+05	3.971532e-01	5.052098e-01	5.094220e-01
CP021827.1	.	962653	1	T	C	0.042	3.521838e-01	3.544335e-01	-6.057333e+01	2.801015e+00	1.000000e+05	3.254804e-01	1.534979e-01	1.643678e-01
CP021827.1	.	962660	0	T	C	0.041	5.908224e-01	3.432526e-01	-6.039191e+01	1.411563e+00	1.000000e+05	9.178332e-02	1.213365e-01	1.326186e-01
CP021827.1	.	962668	0	A	C	0.122	4.646839e-01	2.175636e-01	-5.889097e+01	2.514605e+00	1.000000e+05	3.793076e-02	2.011523e-02	2.839049e-02
CP021827.1	.	962673	0	T	C	0.143	2.293757e-01	2.045550e-01	-6.088741e+01	2.009463e+00	1.000000e+05	2.678399e-01	2.352249e-01	2.445198e-01
CP021827.1	.	962686	0	C	A	0.388	2.223060e-02	1.502503e-01	-6.159190e+01	2.049015e+00	1.000000e+05	8.830095e-01	9.997986e-01	9.997997e-01
CP021827.1	.	1009532	0	AT	A	0.102	-1.910358e-01	2.315085e-01	-6.106810e+01	2.591939e+00	1.000000e+05	4.134392e-01	3.060573e-01	3.138505e-01
CP021827.1	.	1009548	0	G	A	0.041	-2.570820e-02	3.577722e-01	-6.155757e+01	2.090910e+00	1.000000e+05	9.430211e-01	7.932940e-01	7.945094e-01
CP021827.1	.	1009563	0	T	C	0.061	-3.479627e-01	2.913344e-01	-6.090433e+01	2.200495e+00	1.000000e+05	2.383242e-01	2.409304e-01	2.501044e-01
CP021827.1	.	1009630	0	T	G	0.061	2.772640e-01	2.658259e-01	-6.100415e+01	2.217872e+00	1.000000e+05	3.022704e-01	2.782731e-01	2.866518e-01
CP021827.1	.	1010097	2	T	C	0.489	-7.206165e-02	1.471906e-01	-6.127783e+01	2.414563e+00	1.000000e+05	6.267080e-01	4.280399e-01	4.334857e-01
CP021827.1	.	1010789	3	T	C	0.326	8.183343e-02	1.566213e-01	-6.158424e+01	1.823829e+00	1.000000e+05	6.037819e-01	9.015113e-01	9.020466e-01
CP021827.1	.	1010932	2	C	T	0.383	3.356647e-03	1.479278e-01	-6.159170e+01	2.035320e+00	1.000000e+05	9.819927e-01	9.840130e-01	9.840978e-01
CP021827.1	.	1011310	1	C	T	0.188	3.680922e-01	1.727543e-01	-5.912252e+01	2.784894e+00	1.000000e+05	3.837349e-02	2.626073e-02	3.529621e-02
CP021827.1	.	1011356	0	A	G	0.184	3.827225e-01	1.771504e-01	-5.938513e+01	2.024073e+00	1.000000e+05	3.586935e-02	3.565481e-02	4.551986e-02
CP021827.1	.	1013618	0	C	G	0.367	1.122891e-01	1.520492e-01	-6.116236e+01	2.220950e+00	1.000000e+05	4.638797e-01	3.539930e-01	3.608122e-01
CP021827.1	.	1014176	0	G	A	0.102	-2.544970e-02	2.250888e-01	-6.156875e+01	2.009133e+00	1.000000e+05	9.104605e-01	8.296156e-01	8.305861e-01
CP021827.1	.	1014317	1	T	C	0.438	-1.331529e-01	1.434034e-01	-6.082213e+01	2.672134e+00	1.000000e+05	3.578822e-01	2.146855e-01	2.244100e-01
CP021827.1	.	1014371	0	T	C	0.367	2.646253e-02	1.486457e-01	-6.152334e+01	1.953496e+00	1.000000e+05	8.594691e-01	7.111520e-01	7.130073e-01
CP021827.1	.	1014386	2	C	A	0.255	4.615595e-02	1.690798e-01	-6.158463e+01	1.994741e+00	1.000000e+05	7.860620e-01	9.039887e-01	9.045100e-01
CP021827.1	.	1014455	2	T	C	0.362	4.390826e-02	1.497315e-01	-6.155669e+01	2.093654e+00	1.000000e+05	7.706245e-01	7.907273e-01	7.919608e-01
CP021827.1	.	1014461	0	A	G	0.286	9.127143e-03	1.562200e-01	-6.145742e+01	2.094015e+00	1.000000e+05	9.536579e-01	6.040297e-01	6.069551e-01
CP021827.1	.	1084966	2	G	A	0.383	-1.599372e-01	1.421760e-01	-6.057003e+01	2.495956e+00	1.000000e+05	2.663335e-01	1.528336e-01	1.637139e-01
CP021827.1	.	1133218	2	G	T	0.021	-2.484562e-01	4.387432e-01	-6.144839e+01	1.593274e+00	1.000000e+05	5.738904e-01	5.921388e-01	5.952026e-01
CP021827.1	.	1173412	0	C	CGT	0.041	1.336167e-01	3.699000e-01	-6.159166e+01	1.869299e+00	1.000000e+05	7.195509e-01	9.825127e-01	9.826055e-01
CP021827.1	.	1173420	1	C	G	0.062	2.335355e-02	2.994079e-01	-6.152128e+01	1.990018e+00	1.000000e+05	9.381599e-01	7.070515e-01	7.089424e-01
CP021827.1	.	1173432	2	G	A	0.064	3.023999e-01	3.061592e-01	-6.155114e+01	1.138231e+00	1.000000e+05	3.283469e-01	7.752384e-01	7.765834e-01
CP021827.1	.	1173452	3	G	C	0.109	7.455406e-02	2.499429e-01	-6.153314e+01	1.706803e+00	1.000000e+05	7.668009e-01	7.317366e-01	7.334188e-01
CP021827.1	.	1189635	4	C	G	0.467	2.183551e-01	1.411788e-01	-6.067392e+01	1.834057e+00	1.000000e+05	1.286538e-01	1.754254e-01	1.859206e-01
CP021827.1	.	1199494	0	A	C	0.122	-9.264751e-02	2.161433e-01	-6.139134e+01	2.294225e+00	1.000000e+05	6.701440e-01	5.265106e-01	5.304184e-01
CP021827.1	.	1199501	0	T	C	0.102	1.034975e-01	2.379960e-01	-6.155225e+01	1.814139e+00	1.000000e+05	6.656467e-01	7.782447e-01	7.795677e-01
CP021827.1	.	1199524	0	T	G	0.082	-1.054160e-01	2.542796e-01	-6.132687e+01	2.259526e+00	1.000000e+05	6.803447e-01	4.665800e-01	4.713840e-01
CP021827.1	.	1199746	0	GAA	G	0.163	2.146139e-01	1.963937e-01	-6.123931e+01	1.416877e+00	1.000000e+05	2.800629e-01	4.010462e-01	4.069720e-01
CP021827.1	.	1200993	0	A	C	0.204	3.416728e-01	1.797769e-01	-6.022585e+01	1.411693e+00	1.000000e+05	6.350569e-02	9.834992e-02	1.097583e-01
CP021827.1	.	1201056	0	G	T	0.224	5.767525e-02	1.821252e-01	-6.157085e+01	2.053855e+00	1.000000e+05	7.528895e-01	8.374268e-01	8.383471e-01
CP021827.1	.	1201085	1	A	G	0.104	2.571392e-01	2.475496e-01	-6.065223e+01	2.160725e+00	1.000000e+05	3.042411e-01	1.704084e-01	1.809940e-01
CP021827.1	.	1201804	0	C	G	0.041	-1.958314e-01	3.471042e-01	-6.129466e+01	2.184293e+00	1.000000e+05	5.753100e-01	4.406875e-01	4.459170e-01
CP021827.1	.	1202172	1	A	G	0.500	-8.178605e-02	1.454647e-01	-6.159030e+01	1.700478e+00	1.000000e+05	5.766244e-01	9.548779e-01	9.551185e-01
CP021827.1	.	1202352	3	A	G	0.391	5.146286e-03	1.505119e-01	-6.149061e+01	2.074642e+00	1.000000e+05	9.728689e-01	6.526377e-01	6.550398e-01
CP021827.1	.	1202379	4	G	A	0.200	1.107127e-01	1.816848e-01	-6.111232e+01	2.460404e+00	1.000000e+05	5.452158e-01	3.273996e-01	3.347523e-01
CP021827.1	.	1202439	1	A	G	0.354	-1.189062e-01	1.493424e-01	-6.156215e+01	1.619558e+00	1.000000e+05	4.299199e-01	8.072689e-01	8.083876e-01
CP021827.1	.	1202965	2	T	C	0.277	1.031714e-01	1.623611e-01	-6.158072e+01	1.420329e+00	1.000000e+05	5.282207e-01	8.811346e-01	8.817878e-01
CP021827.1	.	1236030	1	C	A	0.396	-4.134085e-02	1.447029e-01	-6.156457e+01	1.969912e+00	1.000000e+05	7.763674e-01	8.151449e-01	8.162106e-01
CP021827.1	.	1236099	1	C	G	0.375	-1.121121e-01	1.464775e-01	-6.111241e+01	2.112064e+00	1.000000e+05	4.478671e-01	3.274449e-01	3.347967e-01
CP021827.1	.	1236257	2	C	T	0.170	3.786270e-01	1.842603e-01	-5.922291e+01	2.165376e+00	1.000000e+05	4.547584e-02	2.950360e-02	3.886298e-02
CP021827.1	.	1236319	1	C	G	0.083	-2.440753e-02	2.497678e-01	-6.150684e+01	2.038850e+00	1.000000e+05	9.225695e-01	6.799994e-01	6.821352e-01
CP021827.1	.	1236609	3	C	G	0.109	6.718426e-02	2.250468e-01	-6.154139e+01	1.625744e+00	1.000000e+05	7.666111e-01	7.506041e-01	7.521355e-01
CP021827.1	.	1236666	0	C	G	0.061	1.265225e-01	3.264235e-01	-6.156516e+01	1.889712e+00	1.000000e+05	7.000602e-01	8.170956e-01	8.181483e-01
CP021827.1	.	1236699	0	G	A	0.143	-5.173283e-02	2.075452e-01	-6.130940e+01	2.294170e+00	1.000000e+05	8.042454e-01	4.522488e-01	4.572854e-01
CP021827.1	.	1236845	4	G	A	0.444	1.124834e-01	1.425162e-01	-6.145718e+01	1.724913e+00	1.000000e+05	4.339195e-01	6.037017e-01	6.066308e-01
CP021827.1	.	1236872	1	G	C	0.375	2.786190e-01	1.450961e-01	-6.027399e+01	1.535058e+00	1.000000e+05	6.090768e-02	1.044780e-01	1.158715e-01
CP021827.1	.	1237036	3	G	C	0.326	-5.380317e-02	1.514622e-01	-6.153313e+01	2.022131e+00	1.000000e+05	7.240102e-01	7.317054e-01	7.333878e-01
CP021827.1	.	1237194	1	C	A	0.375	-8.227171e-03	1.472605e-01	-6.154373e+01	2.006035e+00	1.000000e+05	9.556837e-01	7.562590e-01	7.577465e-01
CP021827.1	.	1237501	1	T	G	0.104	3.638216e-02	2.258396e-01	-6.126792e+01	2.121439e+00	1.000000e+05	8.727072e-01	4.208427e-01	4.264141e-01
CP021827.1	.	1238223	0	A	G	0.061	-1.145462e-01	3.132858e-01	-6.142788e+01	2.288960e+00	1.000000e+05	7.162829e-01	5.668139e-01	5.701870e-01
CP021827.1	.	1238263	1	C	A	0.042	-8.308211e-02	3.799596e-01	-6.155997e+01	2.170201e+00	1.000000e+05	8.278614e-01	8.004945e-01	8.016597e-01
CP021827.1	.	1238283	2	G	C	0.085	-4.446389e-02	2.817920e-01	-6.154763e+01	2.238779e+00	1.000000e+05	8.752985e-01	7.660289e-01	7.674422e-01
CP021827.1	.	1238301	3	A	G	0.109	3.478082e-01	2.374802e-01	-6.020572e+01	2.480541e+00	1.000000e+05	1.496935e-01	9.590395e-02	1.073137e-01
CP021827.1	.	1238313	0	T	G	0.204	1.759749e-02	1.964863e-01	-6.155861e+01	2.238740e+00	1.000000e+05	9.290167e-01	7.963698e-01	7.975637e-01
CP021827.1	.	1238319	1	T	C	0.250	-5.471346e-02	1.822041e-01	-6.147539e+01	2.270827e+00	1.000000e+05	7.652828e-01	6.292903e-01	6.319353e-01
CP021827.1	.	1238322	0	C	A	0.204	-1.001550e-01	1.848904e-01	-6.153795e+01	1.989637e+00	1.000000e+05	5.905844e-01	7.425335e-01	7.441285e-01
CP021827.1	.	1238349	0	G	C	0.367	3.869823e-02	1.516452e-01	-6.152442e+01	2.121291e+00	1.000000e+05	7.996903e-01	7.133480e-01	7.151843e-01
CP021827.1	.	1238355	3	G	C	0.283	-7.676020e-02	1.667251e-01	-6.145552e+01	2.158178e+00	1.000000e+05	6.473523e-01	6.014886e-01	6.044431e-01
CP021827.1	.	1238379	0	T	C	0.082	-4.270154e-02	2.805314e-01	-6.158704e+01	2.153611e+00	1.000000e+05	8.796676e-01	9.214170e-01	9.218405e-01
CP021827.1	.	1238395	3	G	C	0.065	3.676969e-02	3.083941e-01	-6.159183e+01	2.051824e+00	1.000000e+05	9.056017e-01	9.903731e-01	9.904242e-01
CP021827.1	.	1238403	3	G	C	0.174	1.420598e-01	2.045011e-01	-6.149111e+01	1.891673e+00	1.000000e+05	4.906851e-01	6.534457e-01	6.558396e-01
CP021827.1	.	1238424	1	C	T	0.146	2.130633e-01	2.135178e-01	-6.115464e+01	2.051854e+00	1.000000e+05	3.234517e-01	3.497053e-01	3.566092e-01
CP021827.1	.	1238425	2	A	C	0.128	1.587747e-01	2.231083e-01	-6.123753e+01	2.207550e+00	1.000000e+05	4.801999e-01	3.998595e-01	4.058070e-01
CP021827.1	.	1238532	1	C	A	0.438	4.820405e-02	1.451611e-01	-6.144601e+01	2.158228e+00	1.000000e+05	7.413107e-01	5.890739e-01	5.921741e-01
CP021827.1	.	1238748	3	C	A	0.065	2.241568e-01	2.800213e-01	-6.151478e+01	1.565593e+00	1.000000e+05	4.274496e-01	6.945114e-01	6.965136e-01
CP021827.1	.	1238771	0	CGG	C	0.306	2.949305e-02	1.548977e-01	-6.157714e+01	2.048349e+00	1.000000e+05	8.498131e-01	8.635858e-01	8.643436e-01
CP021827.1	.	1238774	2	CAG	C	0.447	1.547637e-02	1.433303e-01	-6.159142e+01	2.027217e+00	1.000000e+05	9.144736e-01	9.751577e-01	9.752897e-01
CP021827.1	.	1238784	2	T	C	0.213	7.503686e-03	1.801245e-01	-6.150182e+01	2.051387e+00	1.000000e+05	9.669475e-01	6.712400e-01	6.734590e-01
CP021827.1	.	1238814	4	G	T	0.133	-5.694282e-02	2.141946e-01	-6.140371e+01	2.140083e+00	1.000000e+05	7.915204e-01	5.395485e-01	5.432775e-01
CP021827.1	.	1251680	0	A	G	0.122	2.118888e-01	2.099504e-01	-6.107619e+01	1.958661e+00	1.000000e+05	3.180310e-01	3.098243e-01	3.175390e-01
CP021827.1	.	1251716	0	A	G	0.102	-2.549854e-01	2.378673e-01	-6.064559e+01	2.798495e+00	1.000000e+05	2.892095e-01	1.689068e-01	1.795191e-01
CP021827.1	.	1251722	0	A	G	0.163	-3.307259e-01	1.911571e-01	-5.966333e+01	2.949828e+00	1.000000e+05	9.017018e-02	4.953455e-02	6.017303e-02
CP021827.1	.	1251737	1	A	G	0.083	-2.313104e-01	2.613497e-01	-6.115479e+01	2.214081e+00	1.000000e+05	3.806294e-01	3.497880e-01	3.566903e-01
CP021827.1	.	1251743	1	G	A	0.062	-1.441292e-01	2.981977e-01	-6.142845e+01	2.206453e+00	1.000000e+05	6.311025e-01	5.674851e-01	5.708497e-01
CP021827.1	.	1251808	2	C	T	0.447	2.370963e-02	1.417334e-01	-6.159142e+01	1.959308e+00	1.000000e+05	8.678649e-01	9.752897e-01	9.754210e-01
CP021827.1	.	1251859	2	G	C	0.128	-2.174231e-02	2.219577e-01	-6.158998e+01	2.072647e+00	1.000000e+05	9.223830e-01	9.505071e-01	9.507713e-01
CP021827.1	.	1272656	0	A	C	0.082	4.053374e-01	2.563690e-01	-6.124017e+01	9.111873e-01	1.000000e+05	1.205691e-01	4.016214e-01	4.075368e-01
CP021828.1	.	162459	4	AAAGT	A	0.289	-1.270950e-01	1.883352e-01	-6.092167e+01	3.199158e+00	1.000000e+05	5.030875e-01	2.469525e-01	2.559985e-01
CP021828.1	.	164965	0	C	CCG	0.306	1.642053e-01	1.560998e-01	-6.137819e+01	1.407344e+00	1.000000e+05	2.982126e-01	5.132581e-01	5.173535e-01
CP021828.1	.	168101	0	G	GT	0.020	1.386332e+00	4.123573e-01	-5.560344e+01	3.686833e+00	1.000000e+05	1.545636e-03	5.386368e-04	2.077482e-03
CP021828.1	.	189160	2	A	G	0.021	-1.909709e-01	5.047614e-01	-6.140070e+01	2.217897e+00	1.000000e+05	7.068823e-01	5.363172e-01	5.400900e-01
CP021828.1	.	195354	0	G	GCA	0.041	6.682345e-01	3.468514e-01	-6.128753e+01	5.543520e-01	1.000000e+05	6.009177e-02	4.352605e-01	4.405821e-01
CP021828.1	.	195381	0	A	G	0.020	-1.102454e-01	4.958123e-01	-6.157474e+01	2.107482e+00	1.000000e+05	8.250025e-01	8.530158e-01	8.538383e-01
CP021828.1	.	220772	1	C	CTT	0.062	6.178514e-01	2.815519e-01	-5.914709e+01	1.483398e+00	1.000000e+05	3.318042e-02	2.701841e-02	3.613370e-02
CP021828.1	.	225129	0	T	C	0.020	4.557190e-01	5.192637e-01	-6.151510e+01	1.404362e+00	1.000000e+05	3.846113e-01	6.951075e-01	6.971043e-01
CP021828.1	.	225887	0	A	T	0.020	2.920982e-02	4.372215e-01	-6.158415e+01	1.771511e+00	1.000000e+05	9.470181e-01	9.009353e-01	9.014739e-01
CP021828.1	.	225895	3	C	A	0.022	-5.735481e-01	4.232294e-01	-6.103766e+01	1.328451e+00	1.000000e+05	1.818408e-01	2.924125e-01	3.004919e-01
CP021828.1	.	225933	0	G	GGC	0.082	-1.098200e-02	2.676895e-01	-6.159185e+01	2.085916e+00	1.000000e+05	9.674496e-01	9.919995e-01	9.920420e-01
CP021828.1	.	227899	0	A	C	0.020	1.074922e+00	4.193642e-01	-5.751902e+01	5.667941e+00	1.000000e+05	1.363129e-02	4.316171e-03	8.668925e-03
CP021828.1	.	227901	0	G	T	0.041	1.356690e-01	3.263716e-01	-6.120617e+01	2.177154e+00	1.000000e+05	6.795296e-01	3.797665e-01	3.860878e-01
CP021828.1	.	245493	0	GGC	G	0.041	-2.536631e-02	3.331266e-01	-6.153613e+01	1.854713e+00	1.000000e+05	9.396260e-01	7.383873e-01	7.400154e-01
CP021828.1	.	245841	1	GT	G	0.375	5.046196e-02	1.575187e-01	-6.128397e+01	2.463139e+00	1.000000e+05	7.501190e-01	4.325911e-01	4.379585e-01
CP021828.1	.	247174	1	T	C	0.104	-1.438378e-01	2.126569e-01	-6.154724e+01	1.792907e+00	1.000000e+05	5.021116e-01	7.650393e-01	7.664600e-01
CP021828.1	.	247211	0	T	G	0.367	1.028223e-02	1.508474e-01	-6.157668e+01	2.064465e+00	1.000000e+05	9.459449e-01	8.614829e-01	8.622535e-01
CP021828.1	.	247240	0	C	CT	0.449	-2.323678e-01	1.499409e-01	-6.038929e+01	2.105091e+00	1.000000e+05	1.279147e-01	1.209301e-01	1.322159e-01
CP021828.1	.	247256	0	T	C	0.429	-1.853098e-01	1.517205e-01	-6.076512e+01	2.346562e+00	1.000000e+05	2.280302e-01	1.984738e-01	2.085274e-01
CP021828.1	.	247264	0	G	T	0.020	-1.247816e-01	4.811882e-01	-6.151178e+01	2.036657e+00	1.000000e+05	7.965210e-01	6.889398e-01	6.909927e-01
CP021828.1	.	247278	0	A	C	0.020	-9.552119e-03	4.691962e-01	-6.159033e+01	1.929399e+00	1.000000e+05	9.838436e-01	9.553167e-01	9.555549e-01
CP021828.1	.	249146	0	ATT	A	0.347	-3.407528e-02	1.469913e-01	-6.159097e+01	1.959990e+00	1.000000e+05	8.176855e-01	9.655071e-01	9.656906e-01
CP021828.1	.	256680	3	CG	C	0.283	5.506860e-02	1.690487e-01	-6.156069e+01	1.969310e+00	1.000000e+05	7.460550e-01	8.027083e-01	8.038582e-01
CP021828.1	.	267152	0	CG	C	0.082	3.349504e-01	2.587408e-01	-6.154524e+01	8.675426e-01	1.000000e+05	2.018030e-01	7.599948e-01	7.614537e-01
CP021828.1	.	267473	2	C	T	0.085	5.721538e-02	2.567061e-01	-6.150825e+01	2.024181e+00	1.000000e+05	8.245925e-01	6.825216e-01	6.846339e-01
CP021828.1	.	267491	0	C	G	0.041	-4.266310e-01	3.174781e-01	-6.095795e+01	1.683784e+00	1.000000e+05	1.854607e-01	2.601584e-01	2.689230e-01
CP021828.1	.	267541	3	G	GGT	0.435	9.384360e-02	1.558423e-01	-6.128783e+01	2.502886e+00	1.000000e+05	5.499549e-01	4.354866e-01	4.408044e-01
CP021828.1	.	267546	3	C	CG	0.413	1.301406e-01	1.598022e-01	-6.087525e+01	3.123082e+00	1.000000e+05	4.195312e-01	2.312261e-01	2.406055e-01
CP021828.1	.	268239	0	C	CGA	0.367	-1.054616e-01	1.479357e-01	-6.141090e+01	1.995485e+00	1.000000e+05	4.794396e-01	5.473937e-01	5.510179e-01
CP021828.1	.	272788	0	A	AC	0.061	1.068877e-01	2.610436e-01	-6.139844e+01	2.026603e+00	1.000000e+05	6.840602e-01	5.339226e-01	5.377280e-01
CP021828.1	.	278508	0	G	GT	0.020	-1.787818e-01	4.287740e-01	-6.131413e+01	1.929344e+00	1.000000e+05	6.786057e-01	4.560634e-01	4.610374e-01
CP021828.1	.	281319	0	C	A	0.082	2.010069e-01	2.295716e-01	-6.116485e+01	1.970365e+00	1.000000e+05	3.857145e-01	3.553926e-01	3.621842e-01
CP021828.1	.	284748	0	T	G	0.204	2.258301e-01	1.872141e-01	-6.075637e+01	1.692007e+00	1.000000e+05	2.337518e-01	1.961165e-01	2.062169e-01
CP021828.1	.	284766	1	C	A	0.292	6.157489e-02	1.711519e-01	-6.151084e+01	2.076520e+00	1.000000e+05	7.206325e-01	6.872066e-01	6.892754e-01
CP021828.1	.	284773	1	T	C	0.354	2.245909e-01	1.608726e-01	-6.070726e+01	1.615118e+00	1.000000e+05	1.692504e-01	1.834712e-01	1.938166e-01
CP021828.1	.	284794	1	A	G	0.354	2.503267e-01	1.555576e-01	-6.072207e+01	1.340077e+00	1.000000e+05	1.142651e-01	1.871809e-01	1.974556e-01
CP021828.1	.	284848	0	T	C	0.061	-5.640162e-02	3.098316e-01	-6.147587e+01	2.166332e+00	1.000000e+05	8.563346e-01	6.299936e-01	6.326311e-01
CP021828.1	.	284860	0	G	A	0.020	-2.003833e-01	4.845095e-01	-6.138106e+01	2.172855e+00	1.000000e+05	6.810630e-01	5.160935e-01	5.201482e-01
CP021828.1	.	285106	0	C	G	0.204	2.347696e-01	1.794894e-01	-6.094170e+01	1.810163e+00	1.000000e+05	1.972393e-01	2.541393e-01	2.630322e-01
CP021828.1	.	285187	0	G	C	0.041	1.163673e-01	3.465756e-01	-6.148808e+01	2.046442e+00	1.000000e+05	7.385439e-01	6.486184e-01	6.510613e-01
CP021828.1	.	285282	2	C	T	0.043	3.229779e-01	3.625114e-01	-6.080433e+01	2.356239e+00	1.000000e+05	3.774967e-01	2.094624e-01	2.192941e-01
CP021828.1	.	285298	2	A	G	0.064	4.404558e-01	2.902481e-01	-6.045151e+01	1.609840e+00	1.000000e+05	1.358350e-01	1.309862e-01	1.421673e-01
CP021828.1	.	285301	3	A	G	0.087	4.934395e-01	2.348258e-01	-5.861097e+01	4.986713e+00	1.000000e+05	4.100335e-02	1.461862e-02	2.198275e-02
CP021828.1	.	288053	1	GCC	G	0.167	5.641209e-02	2.015258e-01	-6.147022e+01	2.172577e+00	1.000000e+05	7.807634e-01	6.217871e-01	6.245134e-01
CP021828.1	.	288056	1	A	C	0.146	1.129753e-01	2.230396e-01	-6.133719e+01	2.276617e+00	1.000000e+05	6.148559e-01	4.753920e-01	4.800564e-01
CP021828.1	.	288081	1	CGCGAGT	C	0.062	6.817670e-02	3.079563e-01	-6.159125e+01	1.974892e+00	1.000000e+05	8.257523e-01	9.712740e-01	9.714267e-01
CP021828.1	.	291191	0	C	CG	0.449	2.756977e-01	1.633347e-01	-5.981320e+01	1.976348e+00	1.000000e+05	9.805065e-02	5.928056e-02	7.025625e-02
CP021828.1	.	292665	2	TA	T	0.447	1.036947e-01	1.522525e-01	-6.147374e+01	1.845230e+00	1.000000e+05	4.991688e-01	6.268704e-01	6.295415e-01
CP021828.1	.	296579	3	T	TC	0.065	3.944439e-01	2.698594e-01	-6.090829e+01	1.417966e+00	1.000000e+05	1.504875e-01	2.422884e-01	2.514336e-01
CP021828.1	.	297100	0	A	T	0.041	3.637721e-03	3.324579e-01	-6.153805e+01	1.890417e+00	1.000000e+05	9.913161e-01	7.427636e-01	7.443567e-01
CP021828.1	.	297103	0	A	T	0.020	-1.345762e-01	4.746931e-01	-6.144738e+01	2.027945e+00	1.000000e+05	7.780375e-01	5.908385e-01	5.939176e-01
CP021828.1	.	297736	0	A	G	0.184	1.960643e-01	1.818344e-01	-6.124637e+01	1.950389e+00	1.000000e+05	2.864217e-01	4.058003e-01	4.116398e-01
CP021828.1	.	297754	2	A	G	0.085	3.670936e-01	2.406289e-01	-6.077354e+01	1.879441e+00	1.000000e+05	1.338215e-01	2.007749e-01	2.107825e-01
CP021828.1	.	297802	1	G	A	0.021	-2.537313e-01	4.967101e-01	-6.145443e+01	2.078413e+00	1.000000e+05	6.118657e-01	6.000307e-01	6.030021e-01
CP021828.1	.	298110	0	G	C	0.224	-2.107077e-01	1.636771e-01	-6.008578e+01	4.072707e+00	1.000000e+05	2.042801e-01	8.263732e-02	9.400080e-02
CP021828.1	.	298986	0	T	C	0.020	8.039829e-02	4.549399e-01	-6.158057e+01	1.803973e+00	1.000000e+05	8.604854e-01	8.803419e-01	8.809997e-01
CP021828.1	.	299051	2	C	T	0.043	-4.272589e-02	3.589442e-01	-6.154570e+01	2.126493e+00	1.000000e+05	9.057572e-01	7.611445e-01	7.625947e-01
CP021828.1	.	300818	2	A	G	0.340	4.899260e-02	1.477234e-01	-6.136710e+01	2.266601e+00	1.000000e+05	7.416273e-01	5.025224e-01	5.067741e-01
CP021828.1	.	301039	4	A	C	0.044	-3.844433e-01	3.555084e-01	-6.093002e+01	2.180450e+00	1.000000e+05	2.850411e-01	2.499171e-01	2.589001e-01
CP021828.1	.	301132	0	T	C	0.449	6.018887e-02	1.430807e-01	-6.122277e+01	2.271013e+00	1.000000e+05	6.759180e-01	3.902195e-01	3.963447e-01
CP021828.1	.	301231	0	G	A	0.184	1.036725e-01	1.857408e-01	-6.131115e+01	2.126315e+00	1.000000e+05	5.793867e-01	4.536562e-01	4.586697e-01
CP021828.1	.	301273	3	C	T	0.087	3.298733e-01	2.692399e-01	-6.133806e+01	1.256626e+00	1.000000e+05	2.266038e-01	4.761472e-01	4.807998e-01
CP021828.1	.	301297	0	A	G	0.061	2.220796e-01	3.125186e-01	-6.155126e+01	1.569396e+00	1.000000e+05	4.808359e-01	7.755598e-01	7.769024e-01
CP021828.1	.	301548	0	C	T	0.102	1.055682e-01	2.286616e-01	-6.142032e+01	2.040196e+00	1.000000e+05	6.464416e-01	5.580132e-01	5.614985e-01
CP021828.1	.	301581	0	T	C	0.102	4.559120e-01	2.263018e-01	-5.985294e+01	1.040396e+00	1.000000e+05	4.968610e-02	6.219289e-02	7.324527e-02
CP021828.1	.	302464	0	G	T	0.061	-3.049204e-01	2.601597e-01	-6.091486e+01	1.765256e+00	1.000000e+05	2.470836e-01	2.445665e-01	2.536634e-01
CP021828.1	.	360934	0	T	C	0.020	-1.729546e-01	5.409466e-01	-6.157408e+01	2.007770e+00	1.000000e+05	7.505931e-01	8.502614e-01	8.511010e-01
CP021828.1	.	364930	2	A	G	0.043	-1.583295e-01	3.392029e-01	-6.158878e+01	1.637709e+00	1.000000e+05	6.428215e-01	9.369876e-01	9.373253e-01
CP021828.1	.	364939	1	G	A	0.083	-1.163756e-01	2.383199e-01	-6.150155e+01	1.874385e+00	1.000000e+05	6.275963e-01	6.707702e-01	6.729936e-01
CP021828.1	.	365005	0	G	A	0.020	-1.101832e-01	4.543286e-01	-6.157407e+01	1.690644e+00	1.000000e+05	8.094335e-01	8.502122e-01	8.510520e-01
CP021828.1	.	365016	1	C	G	0.042	-4.526151e-02	3.233590e-01	-6.136917e+01	1.690068e+00	1.000000e+05	8.892795e-01	5.044986e-01	5.087212e-01
CP021828.1	.	365134	0	T	G	0.061	2.854416e-02	2.774297e-01	-6.150863e+01	1.851470e+00	1.000000e+05	9.184897e-01	6.831958e-01	6.853018e-01
CP021828.1	.	365146	1	G	A	0.104	5.280636e-01	2.166404e-01	-5.956459e+01	1.218565e+00	1.000000e+05	1.862661e-02	4.405061e-02	5.443264e-02
CP021828.1	.	365169	0	T	A	0.061	6.934687e-01	2.703684e-01	-5.757129e+01	4.314711e+00	1.000000e+05	1.357357e-02	4.572475e-03	9.044127e-03
CP021828.1	.	365170	0	T	G	0.041	1.186223e+00	3.250653e-01	-5.508192e+01	2.483951e+00	1.000000e+05	6.584222e-04	3.081882e-04	1.460554e-03
CP021828.1	.	365221	0	A	G	0.224	1.047983e-01	1.648091e-01	-6.096782e+01	2.699163e+00	1.000000e+05	5.279410e-01	2.639046e-01	2.725893e-01
CP021828.1	.	365233	3	T	G	0.370	3.910026e-02	1.572334e-01	-6.155893e+01	2.074055e+00	1.000000e+05	8.046944e-01	7.973360e-01	7.985231e-01
CP021828.1	.	365248	2	A	G	0.191	2.306069e-01	1.828378e-01	-6.140455e+01	1.252286e+00	1.000000e+05	2.134379e-01	5.404548e-01	5.441716e-01
CP021828.1	.	365251	4	T	C	0.178	1.852325e-01	1.937533e-01	-6.127503e+01	1.682284e+00	1.000000e+05	3.439527e-01	4.259827e-01	4.314642e-01
CP021828.1	.	365254	2	A	G	0.149	2.048334e-02	2.130810e-01	-6.159172e+01	2.062169e+00	1.000000e+05	9.238265e-01	9.847705e-01	9.848513e-01
CP021828.1	.	365264	2	G	C	0.468	-1.278199e-01	1.532904e-01	-6.151103e+01	1.456893e+00	1.000000e+05	4.085881e-01	6.875531e-01	6.896188e-01
CP021828.1	.	365296	3	A	G	0.261	2.654916e-01	1.846300e-01	-6.062666e+01	2.165135e+00	1.000000e+05	1.570693e-01	1.647066e-01	1.753919e-01
CP021828.1	.	365299	1	A	G	0.354	1.390010e-01	1.606283e-01	-6.141949e+01	1.797507e+00	1.000000e+05	3.912381e-01	5.570560e-01	5.605538e-01
CP021828.1	.	365326	2	A	G	0.277	2.154609e-01	1.817701e-01	-6.054356e+01	2.670804e+00	1.000000e+05	2.418384e-01	1.476186e-01	1.585783e-01
CP021828.1	.	365329	2	G	C	0.468	5.333036e-02	1.493062e-01	-6.138036e+01	2.275229e+00	1.000000e+05	7.225501e-01	5.154000e-01	5.194647e-01
CP021828.1	.	365413	3	T	A	0.174	-2.349818e-01	2.017722e-01	-6.038006e+01	3.626775e+00	1.000000e+05	2.500626e-01	1.195133e-01	1.308117e-01
CP021828.1	.	365437	0	G	T	0.041	8.093384e-01	3.317458e-01	-5.785699e+01	6.916386e+00	1.000000e+05	1.853010e-02	6.274168e-03	1.144240e-02
CP021828.1	.	365455	2	A	G	0.213	5.786649e-02	1.909009e-01	-6.159179e+01	1.968434e+00	1.000000e+05	7.631337e-01	9.881210e-01	9.881840e-01
CP021828.1	.	365462	2	C	G	0.191	3.332865e-01	2.034708e-01	-6.019062e+01	2.165071e+00	1.000000e+05	1.080990e-01	9.411370e-02	1.055226e-01
CP021828.1	.	365470	3	T	C	0.217	1.390844e-01	1.946485e-01	-6.124644e+01	2.239822e+00	1.000000e+05	4.784267e-01	4.058484e-01	4.116871e-01
CP021828.1	.	365473	4	C	T	0.178	3.353062e-01	2.112313e-01	-6.005518e+01	2.591477e+00	1.000000e+05	1.191303e-01	7.958049e-02	9.091847e-02
CP021828.1	.	365506	1	A	G	0.188	3.308250e-01	1.835328e-01	-5.962082e+01	1.984478e+00	1.000000e+05	7.787497e-02	4.709021e-02	5.762119e-02
CP021828.1	.	365512	0	A	G	0.347	1.379386e-01	1.520119e-01	-6.155555e+01	1.391974e+00	1.000000e+05	3.688141e-01	7.874361e-01	7.886929e-01
CP021828.1	.	365529	3	A	C	0.457	-5.003981e-02	1.567064e-01	-6.158835e+01	1.995648e+00	1.000000e+05	7.508973e-01	9.328522e-01	9.332125e-01
CP021828.1	.	365581	3	G	T	0.326	-1.406768e-01	1.653129e-01	-6.116406e+01	2.333411e+00	1.000000e+05	3.990993e-01	3.549484e-01	3.617488e-01
CP021828.1	.	365593	0	G	A	0.143	-1.150837e-01	2.050112e-01	-6.138296e+01	2.237750e+00	1.000000e+05	5.772238e-01	5.179938e-01	5.220215e-01
CP021828.1	.	365602	1	A	G	0.146	-2.540284e-01	2.181962e-01	-6.059265e+01	2.981230e+00	1.000000e+05	2.502107e-01	1.574537e-01	1.682604e-01
CP021828.1	.	365605	0	T	G	0.082	-1.915011e-01	2.805065e-01	-6.112314e+01	2.726849e+00	1.000000e+05	4.981492e-01	3.329129e-01	3.401535e-01
CP021828.1	.	365659	0	A	G	0.041	-3.962250e-01	3.455521e-01	-6.049939e+01	2.738321e+00	1.000000e+05	2.573332e-01	1.393592e-01	1.504356e-01
CP021828.1	.	365733	1	G	T	0.333	1.736837e-01	1.668046e-01	-6.064566e+01	2.625457e+00	1.000000e+05	3.030906e-01	1.689215e-01	1.795335e-01
CP021828.1	.	365740	2	G	A	0.255	-1.823594e-01	1.905417e-01	-6.087825e+01	3.030806e+00	1.000000e+05	3.434354e-01	2.322043e-01	2.415630e-01
CP021828.1	.	365743	4	G	C	0.267	-8.216454e-02	1.936702e-01	-6.157526e+01	2.263096e+00	1.000000e+05	6.733193e-01	8.552423e-01	8.560511e-01
CP021828.1	.	365766	0	T	C	0.224	-2.735178e-01	1.811785e-01	-6.079238e+01	2.080243e+00	1.000000e+05	1.378244e-01	2.060400e-01	2.159415e-01
CP021828.1	.	365781	0	T	C	0.041	9.534901e-02	3.465768e-01	-6.158790e+01	1.897897e+00	1.000000e+05	7.844325e-01	9.287293e-01	9.291123e-01
CP021828.1	.	365794	2	A	G	0.064	1.226379e-02	2.933926e-01	-6.158380e+01	1.998577e+00	1.000000e+05	9.668353e-01	8.987058e-01	8.992572e-01
CP021828.1	.	365824	4	G	C	0.044	-5.303365e-02	3.817259e-01	-6.150950e+01	2.176516e+00	1.000000e+05	8.900981e-01	6.847792e-01	6.868704e-01
CP021828.1	.	365839	2	G	A	0.191	1.769884e-01	1.885329e-01	-6.142638e+01	1.689335e+00	1.000000e+05	3.526501e-01	5.650456e-01	5.684411e-01
CP021828.1	.	365881	3	C	A	0.109	-1.069153e-01	2.246971e-01	-6.117532e+01	2.283598e+00	1.000000e+05	6.364071e-01	3.613592e-01	3.680340e-01
CP021828.1	.	365899	1	C	G	0.438	-2.513545e-01	1.520479e-01	-5.973830e+01	4.216712e+00	1.000000e+05	1.049704e-01	5.417777e-02	6.499372e-02
CP021828.1	.	365931	4	C	T	0.333	-2.096322e-01	1.740372e-01	-6.023574e+01	3.900947e+00	1.000000e+05	2.344173e-01	9.957581e-02	1.109824e-01
CP021828.1	.	392642	2	A	G	0.489	-4.665112e-02	1.425183e-01	-6.158156e+01	1.944490e+00	1.000000e+05	7.448687e-01	8.856501e-01	8.862769e-01
CP021828.1	.	392819	0	G	C	0.224	2.051137e-01	1.727689e-01	-6.119155e+01	1.475054e+00	1.000000e+05	2.411089e-01	3.708841e-01	3.773747e-01
CP021828.1	.	626056	1	C	T	0.125	-1.788373e-01	2.494887e-01	-6.122531e+01	2.502932e+00	1.000000e+05	4.770354e-01	3.918510e-01	3.979459e-01
CP021828.1	.	626067	0	AG	A	0.143	-1.993951e-02	2.298472e-01	-6.150043e+01	2.270540e+00	1.000000e+05	9.312379e-01	6.688618e-01	6.711036e-01
CP021828.1	.	626086	1	C	T	0.167	-7.662343e-02	2.184319e-01	-6.157541e+01	2.194424e+00	1.000000e+05	7.273145e-01	8.558701e-01	8.566751e-01
CP021828.1	.	626107	3	C	T	0.217	-2.421054e-01	1.866556e-01	-6.109671e+01	1.914839e+00	1.000000e+05	2.009384e-01	3.196483e-01	3.271598e-01
CP021828.1	.	626113	3	T	C	0.196	-1.799319e-01	2.102833e-01	-6.131523e+01	2.231747e+00	1.000000e+05	3.965247e-01	4.569569e-01	4.619163e-01
CP021828.1	.	626140	2	C	G	0.064	1.767023e-02	2.901505e-01	-6.157393e+01	1.976281e+00	1.000000e+05	9.516969e-01	8.496501e-01	8.504935e-01
CP021828.1	.	626152	0	G	A	0.204	-2.982972e-02	2.116363e-01	-6.146865e+01	2.178019e+00	1.000000e+05	8.885134e-01	6.195478e-01	6.222988e-01
CP021828.1	.	626167	2	C	T	0.255	-2.513722e-01	1.749332e-01	-6.080193e+01	2.079469e+00	1.000000e+05	1.573532e-01	2.087699e-01	2.186158e-01
CP021828.1	.	626170	3	C	G	0.217	-1.521597e-01	2.053113e-01	-6.139967e+01	2.227539e+00	1.000000e+05	4.623093e-01	5.352281e-01	5.390157e-01
CP021828.1	.	626221	0	C	G	0.490	-2.014714e-01	1.617738e-01	-6.048097e+01	2.424342e+00	1.000000e+05	2.191618e-01	1.360691e-01	1.471883e-01
CP021828.1	.	626227	1	T	C	0.479	2.360843e-01	1.706259e-01	-6.044057e+01	2.393339e+00	1.000000e+05	1.730062e-01	1.291521e-01	1.403541e-01
CP021828.1	.	626260	2	C	T	0.489	-1.566180e-01	1.695893e-01	-6.150590e+01	1.706762e+00	1.000000e+05	3.604570e-01	6.783388e-01	6.804902e-01
CP021828.1	.	626271	0	T	TC	0.469	1.121961e-01	1.742693e-01	-6.158114e+01	1.660918e+00	1.000000e+05	5.228287e-01	8.833708e-01	8.840109e-01
CP021828.1	.	626284	3	A	C	0.435	3.769062e-01	1.961809e-01	-5.977285e+01	2.009425e+00	1.000000e+05	6.078092e-02	5.647153e-02	6.736352e-02
CP021828.1	.	626286	3	A	C	0.457	1.105597e-01	1.884376e-01	-6.155776e+01	1.657246e+00	1.000000e+05	5.602010e-01	7.938591e-01	7.950705e-01
CP021828.1	.	626293	0	T	C	0.388	3.096978e-01	1.977223e-01	-6.031612e+01	2.309170e+00	1.000000e+05	1.239809e-01	1.101853e-01	1.215517e-01
CP021828.1	.	626298	1	C	T	0.438	3.458853e-01	1.802078e-01	-5.924571e+01	2.734671e+00	1.000000e+05	6.102029e-02	3.029650e-02	3.972849e-02
CP021828.1	.	626305	2	A	G	0.383	2.543793e-01	1.845793e-01	-6.130335e+01	1.309250e+00	1.000000e+05	1.746806e-01	4.474483e-01	4.525645e-01
CP021828.1	.	626308	1	G	T	0.396	3.205715e-01	1.621524e-01	-6.070651e+01	9.677422e-01	1.000000e+05	5.392721e-02	1.832844e-01	1.936334e-01
CP021828.1	.	661775	1	C	T	0.208	-8.481973e-02	1.740265e-01	-6.159069e+01	1.684157e+00	1.000000e+05	6.282439e-01	9.607927e-01	9.610014e-01
CP021828.1	.	897897	1	T	C	0.021	3.610345e-01	4.923233e-01	-6.157057e+01	1.590510e+00	1.000000e+05	4.670005e-01	8.363491e-01	8.372763e-01
CP021828.1	.	898518	0	G	C	0.041	2.990204e-01	3.387483e-01	-6.152018e+01	1.408480e+00	1.000000e+05	3.818795e-01	7.048888e-01	7.067986e-01
CP021828.1	.	911042	0	A	T	0.020	1.526117e-01	4.592171e-01	-6.135693e+01	2.127655e+00	1.000000e+05	7.411177e-01	4.930117e-01	4.974051e-01
CP021828.1	.	994802	1	C	T	0.062	1.593586e-01	2.779664e-01	-6.129216e+01	2.202311e+00	1.000000e+05	5.691736e-01	4.387749e-01	4.440368e-01
CP021828.1	.	994803	0	A	C	0.061	2.171442e-01	2.625368e-01	-6.133813e+01	1.930070e+00	1.000000e+05	4.123601e-01	4.762042e-01	4.808559e-01
CP021828.1	.	995452	0	T	C	0.041	2.372430e-01	3.546894e-01	-6.159160e+01	1.468245e+00	1.000000e+05	5.068471e-01	9.802898e-01	9.803945e-01
CP021828.1	.	1322288	2	C	G	0.021	-2.039219e-01	5.231076e-01	-6.158526e+01	1.996987e+00	1.000000e+05	6.984248e-01	9.082381e-01	9.087353e-01
CP021828.1	.	1322354	0	G	A	0.041	1.037600e-01	3.880682e-01	-6.157465e+01	2.009418e+00	1.000000e+05	7.903497e-01	8.526530e-01	8.534778e-01
CP021828.1	.	1452970	0	G	T	0.020	-2.760241e-01	4.778097e-01	-6.127524e+01	2.065432e+00	1.000000e+05	5.662334e-01	4.261410e-01	4.316198e-01
CP021828.1	.	1452986	2	CA	C	0.064	3.157439e-02	3.059444e-01	-6.154911e+01	1.963068e+00	1.000000e+05	9.182409e-01	7.698787e-01	7.712633e-01
CP021828.1	.	1471780	2	G	A	0.468	-5.792186e-02	1.440735e-01	-6.150759e+01	2.107881e+00	1.000000e+05	6.894846e-01	6.813425e-01	6.834657e-01
