chr	rs	ps	n_miss	allele1	allele0	af	beta	se	logl_H1	l_remle	l_mle	p_wald	p_lrt	p_score
CP021825.1	.	10624	0	T	TCTGGCCGGACG	0.184	8.571908e-02	1.743473e-01	-6.503200e+01	3.866227e-01	4.520927e-01	6.252502e-01	6.350468e-01	6.428428e-01
CP021825.1	.	218304	0	T	C	0.020	4.821311e-01	4.590977e-01	-6.456749e+01	5.636629e-01	6.851256e-01	2.990095e-01	2.826533e-01	3.023301e-01
CP021825.1	.	526844	0	G	T	0.020	2.928314e-01	4.625469e-01	-6.493164e+01	4.417008e-01	5.345330e-01	5.297468e-01	5.139658e-01	5.187882e-01
CP021825.1	.	1038788	1	G	C	0.312	2.082243e-01	1.442377e-01	-6.418958e+01	2.410489e-01	2.834526e-01	1.554792e-01	1.669518e-01	1.936540e-01
CP021825.1	.	1038838	4	C	T	0.244	-2.248386e-01	1.656121e-01	-6.293951e+01	7.672607e-01	1.000000e+05	1.810668e-01	3.572362e-02	2.170649e-01
CP021825.1	.	1247320	0	T	C	0.020	4.383450e-01	4.573147e-01	-6.466635e+01	4.304784e-01	5.267168e-01	3.427059e-01	3.280505e-01	3.355775e-01
CP021825.1	.	1356055	0	T	TC	0.163	1.503109e-01	1.862187e-01	-6.492579e+01	2.322610e-01	2.736880e-01	4.236324e-01	5.082392e-01	5.674901e-01
CP021825.1	.	1358090	0	G	T	0.041	6.302423e-02	3.357321e-01	-6.512789e+01	4.182807e-01	5.002193e-01	8.519028e-01	8.547836e-01	8.558792e-01
CP021825.1	.	1358203	0	ATG	A	0.388	-6.120503e-02	1.418361e-01	-6.505491e+01	4.151265e-01	4.658862e-01	6.680638e-01	6.718481e-01	6.775629e-01
CP021825.1	.	1360089	0	C	T	0.020	1.584282e-01	4.808630e-01	-6.509151e+01	4.248040e-01	4.882315e-01	7.432670e-01	7.444526e-01	7.470309e-01
CP021825.1	.	1377217	0	G	A	0.020	-5.639556e-01	4.621088e-01	-6.450499e+01	2.220502e-01	2.812324e-01	2.284027e-01	2.580305e-01	2.944045e-01
CP021825.1	.	1377263	2	G	C	0.213	-1.203799e-01	1.759321e-01	-6.489945e+01	5.355556e-01	5.895113e-01	4.971836e-01	4.837617e-01	4.948259e-01
CP021825.1	.	1377284	3	A	C	0.087	4.164449e-01	2.409422e-01	-6.371290e+01	2.729358e-01	3.237047e-01	9.048151e-02	9.061172e-02	1.067308e-01
CP021825.1	.	1377293	1	G	C	0.146	2.280162e-01	1.940391e-01	-6.450931e+01	2.801064e-01	3.169304e-01	2.458718e-01	2.596458e-01	2.862080e-01
CP021825.1	.	1377296	0	T	C	0.184	2.375966e-01	1.773866e-01	-6.427671e+01	3.161425e-01	3.478324e-01	1.868728e-01	1.876653e-01	2.054751e-01
CP021825.1	.	1377315	0	G	C	0.102	4.396923e-01	2.145119e-01	-6.309853e+01	3.086551e-01	3.624798e-01	4.599330e-02	4.308147e-02	5.478532e-02
CP021825.1	.	1377395	0	C	T	0.061	-2.106199e-01	2.740319e-01	-6.482872e+01	4.937383e-01	5.965593e-01	4.459781e-01	4.266881e-01	4.375048e-01
CP021825.1	.	1377398	0	T	C	0.020	7.441287e-01	4.676693e-01	-6.397863e+01	2.298939e-01	2.772154e-01	1.182819e-01	1.267378e-01	1.484729e-01
CP021825.1	.	1377584	2	A	G	0.106	-1.257269e-01	2.286416e-01	-6.498276e+01	5.066744e-01	5.745036e-01	5.850013e-01	5.693623e-01	5.781242e-01
CP021825.1	.	1377602	1	C	T	0.125	-3.583144e-01	2.083797e-01	-6.367422e+01	6.920028e-01	7.731827e-01	9.209851e-02	8.636621e-02	1.055184e-01
CP021825.1	.	1377690	0	A	G	0.041	-6.408479e-01	3.457658e-01	-6.258584e+01	8.186131e-01	1.000000e+05	7.010577e-02	2.368443e-02	9.182690e-02
CP021825.1	.	1377704	1	A	T	0.500	-1.131529e-01	1.372688e-01	-6.478881e+01	5.555895e-01	6.422167e-01	4.139238e-01	3.988993e-01	4.157132e-01
CP021825.1	.	1377749	0	A	C	0.041	-5.350766e-01	3.257740e-01	-6.379502e+01	3.346311e-01	1.000000e+05	1.071659e-01	1.003970e-01	1.139738e-01
CP021825.1	.	1377794	0	G	C	0.082	3.585297e-02	2.422099e-01	-6.513021e+01	4.345204e-01	5.247335e-01	8.829568e-01	8.651093e-01	8.672133e-01
CP021825.1	.	1377877	2	A	G	0.128	-1.718245e-01	2.022117e-01	-6.464350e+01	4.702932e-01	1.000000e+05	3.997854e-01	3.167614e-01	3.908444e-01
CP021825.1	.	1732471	0	A	AT	0.061	-1.608895e-01	3.009387e-01	-6.499734e+01	5.704302e-01	6.255257e-01	5.954291e-01	5.872912e-01	6.070804e-01
CP021825.1	.	1732500	1	G	A	0.083	3.533476e-02	2.555152e-01	-6.513737e+01	4.359340e-01	4.911128e-01	8.906034e-01	9.040249e-01	9.065163e-01
CP021825.1	.	1732515	1	T	G	0.292	2.122597e-01	1.532115e-01	-6.433118e+01	1.937312e-01	2.011134e-01	1.724693e-01	2.021318e-01	2.428637e-01
CP021825.1	.	1732521	0	G	T	0.224	1.947158e-01	1.657926e-01	-6.457703e+01	2.140212e-01	2.294761e-01	2.461296e-01	2.866650e-01	3.321802e-01
CP021825.1	.	1732545	3	A	G	0.304	1.213561e-01	1.608029e-01	-6.488961e+01	3.351747e-01	3.542564e-01	4.542010e-01	4.751178e-01	5.006475e-01
CP021825.1	.	1732551	1	T	C	0.312	-7.636208e-04	1.608246e-01	-6.514443e+01	4.839399e-01	5.137855e-01	9.962316e-01	9.838524e-01	9.851574e-01
CP021825.1	.	1732566	2	C	A	0.404	1.450716e-01	1.429946e-01	-6.463386e+01	3.742766e-01	4.233641e-01	3.155267e-01	3.121495e-01	3.233543e-01
CP021825.1	.	1732594	3	A	G	0.174	-5.069432e-02	1.875190e-01	-6.510302e+01	4.758884e-01	5.422607e-01	7.880805e-01	7.729599e-01	7.775118e-01
CP021825.1	.	1904758	0	G	C	0.041	-3.456414e-01	3.445759e-01	-6.462299e+01	4.748997e-01	5.315336e-01	3.209531e-01	3.070575e-01	3.151223e-01
CP021826.1	.	143947	0	AT	A	0.469	-3.101490e-04	1.372230e-01	-6.514453e+01	4.415153e-01	5.097111e-01	9.982062e-01	9.881589e-01	9.883731e-01
CP021826.1	.	148361	3	CA	C	0.022	2.074190e-02	4.600531e-01	-6.514230e+01	4.117819e-01	5.145286e-01	9.642299e-01	9.454778e-01	9.462809e-01
CP021827.1	.	12013	3	A	AT	0.478	-7.504572e-02	1.464935e-01	-6.500635e+01	4.946948e-01	5.371410e-01	6.108539e-01	5.989517e-01	6.031840e-01
CP021827.1	.	12058	0	A	AGGG	0.469	-1.391310e-01	1.392438e-01	-6.462759e+01	4.885058e-01	5.336042e-01	3.228193e-01	3.092009e-01	3.172848e-01
CP021827.1	.	16476	4	AC	A	0.467	9.086972e-02	1.445754e-01	-6.495316e+01	3.911357e-01	4.454038e-01	5.327006e-01	5.360268e-01	5.441392e-01
CP021827.1	.	74787	2	A	G	0.043	5.322095e-01	3.362384e-01	-6.349648e+01	4.365029e-01	1.000000e+05	1.201661e-01	6.943558e-02	1.219741e-01
CP021827.1	.	74828	0	G	C	0.061	1.584888e-01	2.905995e-01	-6.500322e+01	3.937048e-01	4.461529e-01	5.880674e-01	5.948454e-01	6.029092e-01
CP021827.1	.	74859	1	GC	G	0.208	2.970686e-01	1.628128e-01	-6.352799e+01	2.938666e-01	3.627166e-01	7.442103e-02	7.215563e-02	8.524634e-02
CP021827.1	.	74963	0	CG	C	0.163	2.051662e-01	1.785571e-01	-6.451294e+01	3.126529e-01	3.765008e-01	2.563603e-01	2.610106e-01	2.777259e-01
CP021827.1	.	74986	3	G	C	0.043	3.828785e-01	3.326285e-01	-6.446083e+01	4.374197e-01	5.248479e-01	2.555261e-01	2.422241e-01	2.514681e-01
CP021827.1	.	109668	0	C	G	0.082	-1.306502e-01	2.459567e-01	-6.499810e+01	4.364959e-01	5.065839e-01	5.977874e-01	5.882636e-01	5.913765e-01
CP021827.1	.	302275	3	A	AT	0.152	9.620942e-02	1.952767e-01	-6.501191e+01	5.089756e-01	5.897205e-01	6.245308e-01	6.064045e-01	6.183909e-01
CP021827.1	.	322944	0	C	T	0.061	-5.567268e-01	2.907179e-01	-6.191719e+01	1.037109e+00	1.000000e+05	6.158846e-02	1.106479e-02	1.058419e-01
CP021827.1	.	322957	0	T	C	0.082	-2.158286e-01	2.445589e-01	-6.473551e+01	5.444310e-01	6.359700e-01	3.819861e-01	3.656896e-01	3.816120e-01
CP021827.1	.	352369	0	G	C	0.061	2.802836e-01	2.850627e-01	-6.470080e+01	3.060849e-01	3.495292e-01	3.305264e-01	3.461096e-01	3.684396e-01
CP021827.1	.	352549	0	C	T	0.163	1.130153e-01	1.824127e-01	-6.495805e+01	3.859181e-01	4.567191e-01	5.385407e-01	5.412841e-01	5.479662e-01
CP021827.1	.	352609	0	G	A	0.122	1.131780e-01	2.034183e-01	-6.498999e+01	4.043549e-01	4.786164e-01	5.805902e-01	5.781103e-01	5.825261e-01
CP021827.1	.	359548	0	C	A	0.224	1.682705e-01	1.666931e-01	-6.474839e+01	2.242299e-01	2.378231e-01	3.179216e-01	3.733500e-01	4.332662e-01
CP021827.1	.	359571	1	G	A	0.354	2.311970e-01	1.410583e-01	-6.411401e+01	1.014596e-01	1.089279e-01	1.078875e-01	1.510870e-01	2.152787e-01
CP021827.1	.	359578	0	G	T	0.388	1.878631e-01	1.380152e-01	-6.436219e+01	1.942904e-01	2.222902e-01	1.799487e-01	2.109501e-01	2.552050e-01
CP021827.1	.	387590	0	C	G	0.020	-4.568541e-01	4.553611e-01	-6.370708e+01	5.015590e-01	1.000000e+05	3.208639e-01	8.995912e-02	3.153044e-01
CP021827.1	.	392984	0	ACC	A	0.020	-1.863536e-01	4.750806e-01	-6.505872e+01	4.736319e-01	5.555531e-01	6.966416e-01	6.784920e-01	6.847182e-01
CP021827.1	.	399746	1	C	A	0.146	3.252608e-02	1.932484e-01	-6.513503e+01	4.089676e-01	4.850426e-01	8.670599e-01	8.897632e-01	8.935562e-01
CP021827.1	.	418234	0	T	G	0.020	-7.059635e-01	4.525107e-01	-6.393402e+01	3.396243e-01	4.364821e-01	1.254443e-01	1.197003e-01	1.317883e-01
CP021827.1	.	431565	0	G	C	0.041	-5.502216e-01	3.426873e-01	-6.383776e+01	5.828343e-01	6.456196e-01	1.150590e-01	1.059405e-01	1.202370e-01
CP021827.1	.	431583	1	T	C	0.062	-1.436181e-01	2.875127e-01	-6.501560e+01	4.458934e-01	5.006374e-01	6.197442e-01	6.114482e-01	6.143781e-01
CP021827.1	.	431631	3	C	A	0.065	-5.405313e-01	2.784339e-01	-6.325552e+01	5.794591e-01	6.434732e-01	5.822767e-02	5.192336e-02	6.405404e-02
CP021827.1	.	431663	3	G	A	0.348	-2.174576e-01	1.436749e-01	-6.406748e+01	2.610028e-01	3.068077e-01	1.368390e-01	1.421695e-01	1.629574e-01
CP021827.1	.	431703	0	C	G	0.408	-4.565797e-02	1.399088e-01	-6.509206e+01	4.326850e-01	4.896002e-01	7.456151e-01	7.457435e-01	7.481712e-01
CP021827.1	.	431760	4	C	G	0.356	-3.270413e-01	1.402905e-01	-6.245842e+01	5.007554e-01	5.727254e-01	2.408408e-02	2.045741e-02	2.890163e-02
CP021827.1	.	431808	0	C	T	0.102	2.245639e-01	2.192206e-01	-6.459685e+01	4.859499e-01	5.706225e-01	3.109023e-01	2.952393e-01	3.049494e-01
CP021827.1	.	431838	0	A	C	0.041	2.080763e-01	3.374260e-01	-6.494536e+01	4.427144e-01	5.199239e-01	5.404364e-01	5.278341e-01	5.318753e-01
CP021827.1	.	431967	3	G	T	0.087	2.834288e-01	2.418244e-01	-6.443502e+01	4.526432e-01	5.327047e-01	2.470864e-01	2.335310e-01	2.430709e-01
CP021827.1	.	431968	4	C	T	0.044	2.896914e-01	3.318120e-01	-6.474975e+01	4.239218e-01	5.125582e-01	3.870698e-01	3.741664e-01	3.806068e-01
CP021827.1	.	432981	0	C	A	0.020	-9.152183e-01	4.591411e-01	-6.315177e+01	5.526697e-01	6.326597e-01	5.204825e-02	4.588728e-02	5.733391e-02
CP021827.1	.	444780	0	C	A	0.041	2.478352e-01	3.345666e-01	-6.485112e+01	5.016272e-01	5.995094e-01	4.625209e-01	4.435656e-01	4.548820e-01
CP021827.1	.	452198	1	AG	A	0.125	9.907258e-03	2.044587e-01	-6.514262e+01	4.302372e-01	5.126646e-01	9.615581e-01	9.493176e-01	9.498698e-01
CP021827.1	.	471937	1	C	CT	0.271	-4.262091e-01	1.404916e-01	-6.140619e+01	1.000000e-05	1.000000e-05	3.926860e-03	6.249575e-03	2.440113e-02
CP021827.1	.	551651	0	T	G	0.020	-3.708157e-01	4.556141e-01	-6.481326e+01	3.701108e-01	4.712558e-01	4.198175e-01	4.155916e-01	4.222578e-01
CP021827.1	.	554119	0	GA	G	0.429	2.132972e-01	1.339691e-01	-6.393910e+01	2.682397e-01	3.258795e-01	1.180581e-01	1.204794e-01	1.372365e-01
CP021827.1	.	556422	0	T	TC	0.143	6.630428e-02	1.955590e-01	-6.507929e+01	4.964714e-01	5.726857e-01	7.360822e-01	7.177171e-01	7.278606e-01
CP021827.1	.	586523	0	G	C	0.449	9.445932e-02	1.393161e-01	-6.495206e+01	3.206772e-01	3.660412e-01	5.010826e-01	5.348542e-01	5.617884e-01
CP021827.1	.	586570	0	A	T	0.449	-3.783883e-02	1.404161e-01	-6.510887e+01	4.442199e-01	4.917444e-01	7.887427e-01	7.891176e-01	7.912061e-01
CP021827.1	.	586637	0	A	G	0.327	1.994049e-01	1.449305e-01	-6.421892e+01	3.286019e-01	3.692737e-01	1.753844e-01	1.736171e-01	1.892058e-01
CP021827.1	.	586673	0	G	A	0.265	2.117707e-01	1.555554e-01	-6.425759e+01	2.998516e-01	3.316266e-01	1.798836e-01	1.828760e-01	2.014773e-01
CP021827.1	.	586713	0	C	CCAGATCGCAGTGCCGA	0.061	2.638000e-01	2.863646e-01	-6.472978e+01	3.654841e-01	4.113625e-01	3.616489e-01	3.623576e-01	3.750417e-01
CP021827.1	.	586790	1	G	A	0.062	4.132064e-01	2.759145e-01	-6.404899e+01	3.143716e-01	3.818924e-01	1.409265e-01	1.387937e-01	1.527902e-01
CP021827.1	.	586819	1	A	G	0.062	1.668879e-01	2.922854e-01	-6.501474e+01	3.338836e-01	3.711092e-01	5.707362e-01	6.102659e-01	6.403801e-01
CP021827.1	.	586831	0	G	A	0.041	2.923578e-01	3.443740e-01	-6.482639e+01	3.056812e-01	3.546879e-01	4.002102e-01	4.249848e-01	4.493242e-01
CP021827.1	.	595041	0	G	A	0.020	2.915645e-01	4.592939e-01	-6.483794e+01	5.016561e-01	1.000000e+05	5.286304e-01	4.335161e-01	5.204087e-01
CP021827.1	.	595043	0	A	C	0.020	-8.386372e-01	4.546462e-01	-6.351745e+01	2.618385e-01	3.203973e-01	7.140403e-02	7.123355e-02	8.681075e-02
CP021827.1	.	596030	1	G	GGT	0.021	-3.032644e-01	4.692075e-01	-6.487950e+01	5.517208e-01	1.000000e+05	5.212073e-01	4.664931e-01	5.266090e-01
CP021827.1	.	596707	0	C	CGCGT	0.367	7.298232e-02	1.509191e-01	-6.505496e+01	3.521467e-01	3.670713e-01	6.309253e-01	6.719371e-01	7.076800e-01
CP021827.1	.	606298	1	T	G	0.021	4.480344e-01	4.716757e-01	-6.468011e+01	4.270433e-01	5.011478e-01	3.470333e-01	3.351115e-01	3.423336e-01
CP021827.1	.	639984	3	TTGC	T	0.109	1.738373e-01	2.283751e-01	-6.493753e+01	2.580032e-01	2.974231e-01	4.503449e-01	5.198442e-01	5.721701e-01
CP021827.1	.	640681	1	G	C	0.375	5.292538e-02	1.424179e-01	-6.507919e+01	4.126955e-01	4.740887e-01	7.118457e-01	7.175178e-01	7.219081e-01
CP021827.1	.	661801	4	G	C	0.378	-1.261838e-01	1.436152e-01	-6.474866e+01	4.202659e-01	4.901657e-01	3.840748e-01	3.735138e-01	3.801664e-01
CP021827.1	.	661862	0	C	G	0.367	-4.275171e-02	1.405173e-01	-6.509891e+01	4.265671e-01	4.936273e-01	7.622841e-01	7.623423e-01	7.643557e-01
CP021827.1	.	661985	1	A	G	0.188	-1.776019e-01	1.704122e-01	-6.457805e+01	4.682718e-01	5.602507e-01	3.026548e-01	2.871002e-01	2.963957e-01
CP021827.1	.	662382	3	A	G	0.413	-2.008444e-01	1.393980e-01	-6.408069e+01	4.904060e-01	5.581656e-01	1.562709e-01	1.446398e-01	1.561799e-01
CP021827.1	.	662502	0	C	A	0.163	-5.867593e-02	1.823746e-01	-6.509431e+01	4.192058e-01	4.888371e-01	7.490815e-01	7.510516e-01	7.535460e-01
CP021827.1	.	662628	0	C	T	0.082	-1.436298e-01	2.537745e-01	-6.413303e+01	5.870302e-01	1.000000e+05	5.741038e-01	1.549107e-01	5.945788e-01
CP021827.1	.	663480	0	T	G	0.041	-1.388718e-01	3.395900e-01	-6.504984e+01	4.949473e-01	5.856088e-01	6.844416e-01	6.632533e-01	6.751934e-01
CP021827.1	.	663639	0	T	C	0.041	3.209926e-01	3.373834e-01	-6.471756e+01	3.260670e-01	3.843467e-01	3.462596e-01	3.553797e-01	3.725252e-01
CP021827.1	.	702429	0	AT	A	0.347	1.086227e-02	1.558138e-01	-6.514347e+01	4.645190e-01	4.934473e-01	9.447178e-01	9.614553e-01	9.649790e-01
CP021827.1	.	703232	0	AGC	A	0.020	-2.936986e-01	4.736297e-01	-6.494234e+01	4.496162e-01	5.253640e-01	5.381859e-01	5.247317e-01	5.289885e-01
CP021827.1	.	704259	4	G	A	0.156	3.698792e-01	1.857067e-01	-6.318732e+01	3.466587e-01	4.190179e-01	5.222827e-02	4.786753e-02	5.893657e-02
CP021827.1	.	704277	0	G	A	0.082	1.848741e-01	2.445454e-01	-6.487376e+01	3.529283e-01	4.233521e-01	4.534272e-01	4.617095e-01	4.730026e-01
CP021827.1	.	704633	0	C	G	0.204	7.136741e-02	1.755547e-01	-6.508509e+01	3.615970e-01	3.986423e-01	6.862020e-01	7.300202e-01	7.578757e-01
CP021827.1	.	705509	1	C	T	0.229	3.985928e-01	1.535732e-01	-6.213197e+01	1.300458e-01	1.675376e-01	1.256423e-02	1.410199e-02	2.352254e-02
CP021827.1	.	707585	0	C	A	0.265	-3.090848e-02	1.585604e-01	-6.502125e+01	4.884476e-01	1.000000e+05	8.462865e-01	6.193616e-01	8.370023e-01
CP021827.1	.	707754	1	G	A	0.167	-1.817257e-01	1.806006e-01	-6.452447e+01	5.924658e-01	1.000000e+05	3.194576e-01	2.654086e-01	3.286630e-01
CP021827.1	.	707844	4	A	C	0.444	-2.225339e-02	1.437016e-01	-6.512991e+01	4.598734e-01	5.266679e-01	8.775961e-01	8.637547e-01	8.661456e-01
CP021827.1	.	708071	2	T	C	0.149	-5.386259e-02	1.899301e-01	-6.510582e+01	4.114357e-01	4.927371e-01	7.779688e-01	7.805226e-01	7.825454e-01
CP021827.1	.	708380	1	T	G	0.208	8.868095e-02	1.687160e-01	-6.500004e+01	4.436975e-01	5.153430e-01	6.016216e-01	5.907342e-01	5.938851e-01
CP021827.1	.	708434	1	G	A	0.479	-9.150041e-03	1.416378e-01	-6.514311e+01	4.545605e-01	5.028528e-01	9.487651e-01	9.559878e-01	9.566396e-01
CP021827.1	.	708442	1	G	A	0.479	3.706631e-03	1.413004e-01	-6.514378e+01	4.607634e-01	5.136146e-01	9.791831e-01	9.670060e-01	9.677944e-01
CP021827.1	.	708476	1	T	C	0.333	1.137481e-01	1.455876e-01	-6.485712e+01	3.509864e-01	4.056146e-01	4.385421e-01	4.482694e-01	4.625841e-01
CP021827.1	.	708524	3	T	A	0.109	4.270140e-01	2.192823e-01	-6.342563e+01	1.820410e-01	2.120764e-01	5.748418e-02	6.371203e-02	8.287254e-02
CP021827.1	.	735678	0	T	A	0.020	-3.284931e-01	4.628791e-01	-6.491738e+01	3.285552e-01	4.133307e-01	4.814126e-01	5.001986e-01	5.140199e-01
CP021827.1	.	735689	1	G	C	0.021	-2.334259e-01	4.598749e-01	-6.503068e+01	3.526421e-01	4.463035e-01	6.141177e-01	6.330726e-01	6.420127e-01
CP021827.1	.	770043	1	A	G	0.042	-1.433133e-01	3.648872e-01	-6.506308e+01	5.351324e-01	5.815457e-01	6.962721e-01	6.863030e-01	6.980879e-01
CP021827.1	.	770137	3	C	T	0.413	-1.759788e-02	1.449244e-01	-6.513890e+01	4.389054e-01	4.950880e-01	9.038698e-01	9.146959e-01	9.164926e-01
CP021827.1	.	773282	1	T	C	0.250	-2.497959e-02	1.588150e-01	-6.512833e+01	4.613827e-01	5.353747e-01	8.756921e-01	8.566883e-01	8.608126e-01
CP021827.1	.	773324	2	C	T	0.191	-1.939480e-01	1.795819e-01	-6.420548e+01	6.614238e-01	1.000000e+05	2.856545e-01	1.705264e-01	3.083879e-01
CP021827.1	.	773342	0	G	A	0.143	-1.014043e-01	1.992056e-01	-6.500669e+01	4.978033e-01	5.529599e-01	6.131033e-01	5.994136e-01	6.052739e-01
CP021827.1	.	774022	0	A	T	0.061	3.594478e-01	2.776458e-01	-6.429780e+01	3.889466e-01	4.590570e-01	2.017733e-01	1.931166e-01	2.039521e-01
CP021827.1	.	777791	0	T	G	0.061	-1.221604e-01	3.037361e-01	-6.505928e+01	5.141649e-01	5.480293e-01	6.893657e-01	6.794721e-01	6.846448e-01
CP021827.1	.	778433	0	T	TC	0.061	-1.299757e-01	2.913807e-01	-6.503708e+01	5.165419e-01	5.813576e-01	6.575963e-01	6.427974e-01	6.535690e-01
CP021827.1	.	778438	1	C	T	0.083	9.966201e-02	2.617261e-01	-6.507682e+01	4.211966e-01	4.562100e-01	7.050767e-01	7.126650e-01	7.202579e-01
CP021827.1	.	778447	3	C	G	0.239	-2.372103e-01	1.646284e-01	-6.408810e+01	4.394045e-01	4.874351e-01	1.562468e-01	1.460455e-01	1.571256e-01
CP021827.1	.	778456	3	A	G	0.391	-1.814692e-01	1.492884e-01	-6.439346e+01	4.261119e-01	4.509123e-01	2.302230e-01	2.203090e-01	2.311308e-01
CP021827.1	.	778462	1	G	A	0.458	-2.705079e-01	1.426332e-01	-6.333829e+01	5.463384e-01	5.813597e-01	6.404588e-02	5.734050e-02	6.864964e-02
CP021827.1	.	778468	2	T	C	0.447	1.069212e-01	1.440450e-01	-6.486315e+01	4.363891e-01	4.755041e-01	4.616133e-01	4.530644e-01	4.590929e-01
CP021827.1	.	778492	0	G	A	0.184	-1.333640e-01	1.748937e-01	-6.488419e+01	3.258976e-01	3.848401e-01	4.495460e-01	4.704600e-01	4.894922e-01
CP021827.1	.	778502	4	A	G	0.200	-1.155179e-01	1.792692e-01	-6.493832e+01	4.065668e-01	4.590524e-01	5.224603e-01	5.206385e-01	5.272866e-01
CP021827.1	.	778510	4	G	C	0.289	-1.306442e-01	1.586793e-01	-6.479095e+01	4.794473e-01	5.385798e-01	4.144831e-01	4.003203e-01	4.068932e-01
CP021827.1	.	793546	0	G	A	0.082	1.297718e-01	2.505047e-01	-6.504128e+01	3.369995e-01	3.875929e-01	6.068595e-01	6.493617e-01	6.772615e-01
CP021827.1	.	793560	0	C	G	0.163	2.360186e-01	1.857533e-01	-6.443318e+01	2.359907e-01	2.574026e-01	2.101238e-01	2.329255e-01	2.689182e-01
CP021827.1	.	793567	1	G	C	0.167	3.443311e-01	1.840369e-01	-6.355409e+01	1.920661e-01	1.963451e-01	6.757936e-02	7.449540e-02	9.776474e-02
CP021827.1	.	793579	2	A	G	0.149	3.684193e-01	1.902411e-01	-6.364906e+01	7.911058e-02	6.962888e-02	5.882054e-02	8.372038e-02	1.290161e-01
CP021827.1	.	793591	3	C	G	0.152	2.429984e-01	1.976295e-01	-6.449405e+01	2.276736e-01	2.463918e-01	2.249799e-01	2.539984e-01	2.965433e-01
CP021827.1	.	809071	0	C	T	0.020	-8.637953e-02	4.586666e-01	-6.512597e+01	4.063841e-01	5.101633e-01	8.514307e-01	8.467825e-01	8.476622e-01
CP021827.1	.	958334	0	C	A	0.020	2.986339e-01	4.693045e-01	-6.495241e+01	3.681968e-01	4.412712e-01	5.276463e-01	5.352265e-01	5.444230e-01
CP021827.1	.	958352	2	G	GC	0.170	-4.890075e-01	1.691622e-01	-6.177814e+01	1.000000e-05	1.000000e-05	5.800951e-03	9.464605e-03	2.964734e-02
CP021827.1	.	962653	1	T	C	0.042	2.302520e-01	3.460206e-01	-6.490885e+01	5.119805e-01	5.952538e-01	5.090290e-01	4.922636e-01	5.027709e-01
CP021827.1	.	962660	0	T	C	0.041	6.661427e-01	3.347469e-01	-6.318811e+01	7.054545e-01	8.227406e-01	5.242719e-02	4.791237e-02	6.299385e-02
CP021827.1	.	962668	0	A	C	0.122	2.472381e-01	2.108834e-01	-6.443574e+01	4.815776e-01	5.405722e-01	2.469478e-01	2.337666e-01	2.434210e-01
CP021827.1	.	962673	0	T	C	0.143	1.288322e-01	1.968229e-01	-6.492712e+01	4.246146e-01	4.779874e-01	5.159423e-01	5.095288e-01	5.146514e-01
CP021827.1	.	962686	0	C	A	0.388	-1.459161e-03	1.422846e-01	-6.514459e+01	4.527819e-01	5.079844e-01	9.918611e-01	9.925693e-01	9.926095e-01
CP021827.1	.	1009532	0	AT	A	0.102	-1.853228e-01	2.256881e-01	-6.413094e+01	6.374130e-01	1.000000e+05	4.157092e-01	1.544855e-01	4.450568e-01
CP021827.1	.	1009548	0	G	A	0.041	7.817764e-02	3.450030e-01	-6.512134e+01	4.244770e-01	4.890521e-01	8.217175e-01	8.290955e-01	8.314563e-01
CP021827.1	.	1009563	0	T	C	0.061	-2.855580e-01	2.865260e-01	-6.384548e+01	6.575942e-01	1.000000e+05	3.240518e-01	1.069776e-01	3.501531e-01
CP021827.1	.	1009630	0	T	G	0.061	1.591141e-01	2.747344e-01	-6.496460e+01	4.506656e-01	5.440894e-01	5.652495e-01	5.484682e-01	5.535421e-01
CP021827.1	.	1010097	2	T	C	0.489	-7.548398e-02	1.401744e-01	-6.499693e+01	4.312912e-01	4.891146e-01	5.927729e-01	5.867680e-01	5.903863e-01
CP021827.1	.	1010789	3	T	C	0.326	-7.548396e-03	1.507875e-01	-6.514353e+01	4.450197e-01	5.067646e-01	9.602869e-01	9.625107e-01	9.627414e-01
CP021827.1	.	1010932	2	C	T	0.383	7.746228e-02	1.428149e-01	-6.498696e+01	4.797913e-01	5.545678e-01	5.901083e-01	5.744139e-01	5.802513e-01
CP021827.1	.	1011310	1	C	T	0.188	-6.482933e-02	1.755747e-01	-6.508990e+01	3.785097e-01	4.420917e-01	7.136067e-01	7.407553e-01	7.532795e-01
CP021827.1	.	1011356	0	A	G	0.184	-1.984076e-02	1.772834e-01	-6.513783e+01	4.497694e-01	5.101000e-01	9.113670e-01	9.070972e-01	9.076307e-01
CP021827.1	.	1013618	0	C	G	0.367	2.826658e-01	1.356258e-01	-6.326670e+01	1.209525e-01	1.492269e-01	4.260693e-02	5.262242e-02	7.320214e-02
CP021827.1	.	1014176	0	G	A	0.102	2.531535e-02	2.229868e-01	-6.513845e+01	4.322063e-01	5.050031e-01	9.100952e-01	9.114262e-01	9.119777e-01
CP021827.1	.	1014317	1	T	C	0.438	1.311509e-01	1.374319e-01	-6.474314e+01	2.850435e-01	3.353183e-01	3.448155e-01	3.702011e-01	3.978598e-01
CP021827.1	.	1014371	0	T	C	0.367	-1.873094e-01	1.401405e-01	-6.407751e+01	4.983649e-01	1.000000e+05	1.877936e-01	1.440406e-01	1.865672e-01
CP021827.1	.	1014386	2	C	A	0.255	-1.800464e-01	1.588116e-01	-6.448658e+01	4.295333e-01	4.934459e-01	2.626658e-01	2.512915e-01	2.603188e-01
CP021827.1	.	1014455	2	T	C	0.362	-1.269279e-01	1.430026e-01	-6.477454e+01	3.333478e-01	3.868083e-01	3.792800e-01	3.896022e-01	4.070477e-01
CP021827.1	.	1014461	0	A	G	0.286	-9.860753e-02	1.495748e-01	-6.494272e+01	3.615366e-01	4.172552e-01	5.129510e-01	5.251222e-01	5.390384e-01
CP021827.1	.	1084966	2	G	A	0.383	-6.696808e-02	1.411358e-01	-6.502402e+01	4.554367e-01	5.343009e-01	6.373450e-01	6.233233e-01	6.270251e-01
CP021827.1	.	1133218	2	G	T	0.021	4.534194e-02	4.611182e-01	-6.513539e+01	4.232403e-01	5.309292e-01	9.220881e-01	8.918227e-01	8.954669e-01
CP021827.1	.	1173412	0	C	CGT	0.041	6.370815e-02	3.497544e-01	-6.512774e+01	4.501662e-01	5.054304e-01	8.562475e-01	8.541372e-01	8.549844e-01
CP021827.1	.	1173420	1	C	G	0.062	1.892792e-02	2.871421e-01	-6.514320e+01	4.413595e-01	5.030797e-01	9.477225e-01	9.572664e-01	9.578873e-01
CP021827.1	.	1173432	2	G	A	0.064	3.251689e-01	2.912817e-01	-6.450376e+01	4.579785e-01	5.084023e-01	2.699522e-01	2.575741e-01	2.663938e-01
CP021827.1	.	1173452	3	G	C	0.109	1.510844e-01	2.336002e-01	-6.495165e+01	3.666621e-01	4.043448e-01	5.209303e-01	5.344223e-01	5.506278e-01
CP021827.1	.	1189635	4	C	G	0.467	1.314482e-01	1.406482e-01	-6.468744e+01	4.884221e-01	5.694626e-01	3.547772e-01	3.389524e-01	3.479599e-01
CP021827.1	.	1199494	0	A	C	0.122	-3.945257e-04	2.087630e-01	-6.514419e+01	4.441897e-01	5.139160e-01	9.985001e-01	9.761339e-01	9.771738e-01
CP021827.1	.	1199501	0	T	C	0.102	1.145695e-01	2.272456e-01	-6.502710e+01	3.875204e-01	4.416755e-01	6.165002e-01	6.277892e-01	6.374525e-01
CP021827.1	.	1199524	0	T	G	0.082	6.160187e-02	2.476081e-01	-6.511698e+01	4.177996e-01	4.827523e-01	8.046089e-01	8.140698e-01	8.174929e-01
CP021827.1	.	1199746	0	GAA	G	0.163	3.118198e-01	1.810329e-01	-6.379748e+01	2.036937e-01	2.353967e-01	9.156356e-02	1.007064e-01	1.230066e-01
CP021827.1	.	1200993	0	A	C	0.204	7.431691e-02	1.759864e-01	-6.506093e+01	4.124592e-01	4.543439e-01	6.747406e-01	6.824254e-01	6.899550e-01
CP021827.1	.	1201056	0	G	T	0.224	9.620971e-02	1.690631e-01	-6.498078e+01	4.327981e-01	4.784571e-01	5.720143e-01	5.670140e-01	5.714344e-01
CP021827.1	.	1201085	1	A	G	0.104	9.564166e-02	2.342741e-01	-6.506510e+01	4.193122e-01	4.641736e-01	6.849465e-01	6.900224e-01	6.957390e-01
CP021827.1	.	1201804	0	C	G	0.041	-1.101204e-01	3.413193e-01	-6.508472e+01	4.770965e-01	5.589656e-01	7.484051e-01	7.292243e-01	7.364275e-01
CP021827.1	.	1202172	1	A	G	0.500	-3.893705e-02	1.393659e-01	-6.510710e+01	4.320091e-01	4.879241e-01	7.811734e-01	7.840884e-01	7.866047e-01
CP021827.1	.	1202352	3	A	G	0.391	5.950877e-02	1.444386e-01	-6.506268e+01	4.135925e-01	4.740094e-01	6.822122e-01	6.855771e-01	6.899486e-01
CP021827.1	.	1202379	4	G	A	0.200	2.831181e-01	1.731292e-01	-6.378215e+01	5.265553e-01	6.184134e-01	1.086670e-01	9.878935e-02	1.114935e-01
CP021827.1	.	1202439	1	A	G	0.354	9.871811e-02	1.441226e-01	-6.491828e+01	3.793950e-01	4.358257e-01	4.967339e-01	5.010523e-01	5.106717e-01
CP021827.1	.	1202965	2	T	C	0.277	-8.871918e-03	1.574938e-01	-6.514110e+01	4.590791e-01	5.264595e-01	9.553162e-01	9.330235e-01	9.365090e-01
CP021827.1	.	1236030	1	C	A	0.396	1.246079e-01	1.395070e-01	-6.473959e+01	4.068674e-01	4.731168e-01	3.762998e-01	3.680906e-01	3.753792e-01
CP021827.1	.	1236099	1	C	G	0.375	-6.249251e-02	1.433481e-01	-6.504148e+01	4.812363e-01	5.497416e-01	6.648695e-01	6.496698e-01	6.549753e-01
CP021827.1	.	1236257	2	C	T	0.170	1.572509e-01	1.842644e-01	-6.477484e+01	4.121360e-01	4.687683e-01	3.977671e-01	3.897929e-01	3.970737e-01
CP021827.1	.	1236319	1	C	G	0.083	-3.787416e-02	2.456673e-01	-6.512945e+01	4.493579e-01	5.278169e-01	8.781370e-01	8.616385e-01	8.642147e-01
CP021827.1	.	1236609	3	C	G	0.109	4.755852e-02	2.231292e-01	-6.512563e+01	4.120820e-01	4.856273e-01	8.321369e-01	8.454132e-01	8.484593e-01
CP021827.1	.	1236666	0	C	G	0.061	2.034807e-01	2.967834e-01	-6.491747e+01	3.890811e-01	4.198057e-01	4.963207e-01	5.002807e-01	5.122777e-01
CP021827.1	.	1236699	0	G	A	0.143	-3.750099e-03	1.990314e-01	-6.514396e+01	4.530500e-01	5.130908e-01	9.850471e-01	9.707155e-01	9.714386e-01
CP021827.1	.	1236845	4	G	A	0.444	1.275544e-01	1.397671e-01	-6.473822e+01	3.584098e-01	4.178946e-01	3.660998e-01	3.672875e-01	3.798339e-01
CP021827.1	.	1236872	1	G	C	0.375	3.234594e-01	1.344229e-01	-6.246407e+01	1.931412e-01	2.262074e-01	2.010054e-02	2.059043e-02	3.193639e-02
CP021827.1	.	1237036	3	G	C	0.326	-8.594004e-02	1.485355e-01	-6.499098e+01	3.679840e-01	4.286064e-01	5.656335e-01	5.793369e-01	5.916686e-01
CP021827.1	.	1237194	1	C	A	0.375	-7.758565e-03	1.422958e-01	-6.514319e+01	4.425897e-01	5.073245e-01	9.567486e-01	9.571448e-01	9.573822e-01
CP021827.1	.	1237501	1	T	G	0.104	3.666075e-02	2.232789e-01	-6.513273e+01	4.241249e-01	4.969458e-01	8.702836e-01	8.773587e-01	8.787091e-01
CP021827.1	.	1238223	0	A	G	0.061	2.031254e-01	2.893973e-01	-6.491338e+01	3.649642e-01	4.076781e-01	4.862085e-01	4.964535e-01	5.111247e-01
CP021827.1	.	1238263	1	C	A	0.042	3.262515e-01	3.494948e-01	-6.474127e+01	3.203011e-01	3.597954e-01	3.553358e-01	3.690869e-01	3.897844e-01
CP021827.1	.	1238283	2	G	C	0.085	-9.791952e-02	2.589929e-01	-6.506789e+01	5.035725e-01	5.514763e-01	7.070749e-01	6.952274e-01	7.008581e-01
CP021827.1	.	1238301	3	A	G	0.109	-4.255888e-03	2.294282e-01	-6.514431e+01	4.523034e-01	5.093883e-01	9.852786e-01	9.795740e-01	9.797398e-01
CP021827.1	.	1238313	0	T	G	0.204	9.119135e-02	1.775146e-01	-6.500651e+01	4.845219e-01	5.236429e-01	6.098602e-01	5.991726e-01	6.024675e-01
CP021827.1	.	1238319	1	T	C	0.250	5.619257e-02	1.656988e-01	-6.508756e+01	4.459564e-01	4.843686e-01	7.360264e-01	7.354702e-01	7.384488e-01
CP021827.1	.	1238322	0	C	A	0.204	-1.737967e-01	1.726676e-01	-6.462020e+01	5.421692e-01	5.974836e-01	3.193104e-01	3.057692e-01	3.174437e-01
CP021827.1	.	1238349	0	G	C	0.367	1.746588e-02	1.436070e-01	-6.513621e+01	4.573502e-01	5.144504e-01	9.037163e-01	8.967020e-01	8.975257e-01
CP021827.1	.	1238355	3	G	C	0.283	-5.283966e-02	1.581733e-01	-6.508545e+01	4.598902e-01	5.164002e-01	7.398189e-01	7.308137e-01	7.326692e-01
CP021827.1	.	1238379	0	T	C	0.082	9.835327e-02	2.581359e-01	-6.508268e+01	3.962657e-01	4.372501e-01	7.049101e-01	7.248396e-01	7.376182e-01
CP021827.1	.	1238395	3	G	C	0.065	-1.598454e-01	2.926099e-01	-6.498840e+01	5.641880e-01	6.360257e-01	5.874612e-01	5.761720e-01	5.977072e-01
CP021827.1	.	1238403	3	G	C	0.174	6.867289e-02	1.903165e-01	-6.508843e+01	4.017811e-01	4.465799e-01	7.198395e-01	7.374087e-01	7.480347e-01
CP021827.1	.	1238424	1	C	T	0.146	4.560890e-02	2.001396e-01	-6.512358e+01	4.230350e-01	4.715048e-01	8.207238e-01	8.374227e-01	8.436383e-01
CP021827.1	.	1238425	2	A	C	0.128	1.029009e-01	2.108966e-01	-6.503625e+01	3.858790e-01	4.387150e-01	6.278741e-01	6.415130e-01	6.518986e-01
CP021827.1	.	1238532	1	C	A	0.438	1.918795e-01	1.371436e-01	-6.388475e+01	5.285673e-01	1.000000e+05	1.683441e-01	1.124262e-01	1.689691e-01
CP021827.1	.	1238748	3	C	A	0.065	-1.620926e-01	2.805422e-01	-6.473753e+01	5.345317e-01	1.000000e+05	5.661684e-01	3.668775e-01	5.666665e-01
CP021827.1	.	1238771	0	CGG	C	0.306	1.019383e-01	1.472699e-01	-6.490987e+01	3.883337e-01	4.459777e-01	4.922255e-01	4.932039e-01	5.015126e-01
CP021827.1	.	1238774	2	CAG	C	0.447	-1.160927e-01	1.383929e-01	-6.475287e+01	4.918930e-01	1.000000e+05	4.057925e-01	3.760626e-01	3.982161e-01
CP021827.1	.	1238784	2	T	C	0.213	-4.562074e-02	1.718745e-01	-6.510315e+01	4.974009e-01	5.706240e-01	7.918385e-01	7.733044e-01	7.842247e-01
CP021827.1	.	1238814	4	G	T	0.133	-8.254097e-02	2.081796e-01	-6.505992e+01	4.582106e-01	5.310194e-01	6.935386e-01	6.806233e-01	6.837029e-01
CP021827.1	.	1251680	0	A	G	0.122	1.993024e-01	2.048808e-01	-6.469495e+01	3.306280e-01	3.821254e-01	3.356466e-01	3.429518e-01	3.607464e-01
CP021827.1	.	1251716	0	A	G	0.102	-2.210350e-01	2.285985e-01	-6.418666e+01	6.555570e-01	1.000000e+05	3.385367e-01	1.663039e-01	3.648293e-01
CP021827.1	.	1251722	0	A	G	0.163	-1.928399e-01	1.859266e-01	-6.459015e+01	5.775712e-01	6.505819e-01	3.049577e-01	2.923058e-01	3.090701e-01
CP021827.1	.	1251737	1	A	G	0.083	-1.902884e-01	2.507419e-01	-6.484222e+01	4.944646e-01	5.557949e-01	4.517007e-01	4.367378e-01	4.439166e-01
CP021827.1	.	1251743	1	G	A	0.062	8.426230e-02	2.866158e-01	-6.510045e+01	4.410253e-01	5.033382e-01	7.700597e-01	7.662496e-01	7.677214e-01
CP021827.1	.	1251808	2	C	T	0.447	3.017605e-02	1.390953e-01	-6.511506e+01	4.707483e-01	5.513087e-01	8.291901e-01	8.078385e-01	8.148234e-01
CP021827.1	.	1251859	2	G	C	0.128	1.715789e-01	2.092954e-01	-6.484722e+01	3.122609e-01	3.610162e-01	4.164722e-01	4.405606e-01	4.641156e-01
CP021827.1	.	1272656	0	A	C	0.082	2.025239e-01	2.523419e-01	-6.481558e+01	4.288310e-01	4.799798e-01	4.262589e-01	4.172287e-01	4.234430e-01
CP021828.1	.	162459	4	AAAGT	A	0.289	7.896998e-02	1.661570e-01	-6.505277e+01	3.658448e-01	3.897021e-01	6.367936e-01	6.681803e-01	6.946955e-01
CP021828.1	.	164965	0	C	CCG	0.306	2.298160e-01	1.473835e-01	-6.391111e+01	4.368843e-01	4.977551e-01	1.256329e-01	1.162555e-01	1.275953e-01
CP021828.1	.	168101	0	G	GT	0.020	2.182535e-01	4.690422e-01	-6.502994e+01	4.349470e-01	5.195049e-01	6.438531e-01	6.319738e-01	6.347962e-01
CP021828.1	.	189160	2	A	G	0.021	-9.824531e-01	4.679702e-01	-6.295591e+01	6.241414e-01	7.017278e-01	4.117920e-02	3.641724e-02	4.812518e-02
CP021828.1	.	195354	0	G	GCA	0.041	4.829610e-01	3.451709e-01	-6.415214e+01	4.168192e-01	4.639778e-01	1.683200e-01	1.588658e-01	1.700907e-01
CP021828.1	.	195381	0	A	G	0.020	2.815495e-01	4.786088e-01	-6.496024e+01	4.741163e-01	5.508072e-01	5.591699e-01	5.436633e-01	5.492566e-01
CP021828.1	.	220772	1	C	CTT	0.062	2.844743e-01	2.830613e-01	-6.464643e+01	3.645682e-01	4.193077e-01	3.200469e-01	3.181804e-01	3.300019e-01
CP021828.1	.	225129	0	T	C	0.020	7.908203e-01	4.841055e-01	-6.378902e+01	4.874632e-01	5.434968e-01	1.090312e-01	9.964360e-02	1.112007e-01
CP021828.1	.	225887	0	A	T	0.020	-3.155433e-01	4.591724e-01	-6.490614e+01	3.859119e-01	4.874713e-01	4.953338e-01	4.897915e-01	4.946250e-01
CP021828.1	.	225895	3	C	A	0.022	6.256813e-02	4.559323e-01	-6.513258e+01	4.083964e-01	5.171794e-01	8.914343e-01	8.765859e-01	8.777158e-01
CP021828.1	.	225933	0	G	GGC	0.082	-2.713001e-01	2.528255e-01	-6.454984e+01	5.513945e-01	6.097233e-01	2.887173e-01	2.754119e-01	2.885853e-01
CP021828.1	.	227899	0	A	C	0.020	8.293832e-01	4.534079e-01	-6.345043e+01	4.836151e-01	5.849753e-01	7.371465e-02	6.565622e-02	7.724080e-02
CP021828.1	.	227901	0	G	T	0.041	-6.898294e-01	3.237915e-01	-6.313869e+01	1.369795e-01	1.820009e-01	3.839541e-02	4.518053e-02	6.519041e-02
CP021828.1	.	245493	0	GGC	G	0.041	1.794125e-01	3.350595e-01	-6.499817e+01	4.141378e-01	4.966198e-01	5.948534e-01	5.883545e-01	5.916391e-01
CP021828.1	.	245841	1	GT	G	0.375	-1.381339e-01	1.436897e-01	-6.475775e+01	2.617281e-01	2.954691e-01	3.413040e-01	3.790519e-01	4.171266e-01
CP021828.1	.	247174	1	T	C	0.104	3.202550e-01	2.127767e-01	-6.390949e+01	5.220197e-01	1.000000e+05	1.389840e-01	1.160159e-01	1.405867e-01
CP021828.1	.	247211	0	T	G	0.367	1.307233e-02	1.431776e-01	-6.514040e+01	4.498293e-01	5.070408e-01	9.276411e-01	9.266646e-01	9.270689e-01
CP021828.1	.	247240	0	C	CT	0.449	-7.315496e-02	1.403233e-01	-6.500953e+01	4.244011e-01	4.676478e-01	6.045839e-01	6.031899e-01	6.084604e-01
CP021828.1	.	247256	0	T	C	0.429	-3.368076e-02	1.413443e-01	-6.511617e+01	4.518724e-01	4.990581e-01	8.126930e-01	8.114256e-01	8.127948e-01
CP021828.1	.	247264	0	G	T	0.020	-1.331334e-01	4.758807e-01	-6.509659e+01	4.856250e-01	5.772741e-01	7.808876e-01	7.565814e-01	7.689250e-01
CP021828.1	.	247278	0	A	C	0.020	3.188418e-01	4.684746e-01	-6.490031e+01	4.470350e-01	5.349018e-01	4.994667e-01	4.845271e-01	4.896876e-01
CP021828.1	.	249146	0	ATT	A	0.347	-1.984741e-01	1.391903e-01	-6.412912e+01	3.647916e-01	4.204753e-01	1.605002e-01	1.541166e-01	1.668707e-01
CP021828.1	.	256680	3	CG	C	0.283	-7.529607e-02	1.600943e-01	-6.502668e+01	4.901686e-01	5.441219e-01	6.402993e-01	6.271722e-01	6.319126e-01
CP021828.1	.	267152	0	CG	C	0.082	-1.662651e-01	2.563607e-01	-6.492476e+01	5.584186e-01	6.261732e-01	5.197797e-01	5.072454e-01	5.244604e-01
CP021828.1	.	267473	2	C	T	0.085	2.204815e-01	2.478126e-01	-6.474046e+01	4.147573e-01	4.858741e-01	3.781529e-01	3.686097e-01	3.754238e-01
CP021828.1	.	267491	0	C	G	0.041	3.864152e-01	3.273740e-01	-6.442124e+01	4.574014e-01	5.571314e-01	2.438013e-01	2.290428e-01	2.392307e-01
CP021828.1	.	267541	3	G	GGT	0.435	-2.852350e-01	1.348933e-01	-6.343445e+01	3.438631e-02	4.706931e-02	3.980270e-02	6.439687e-02	1.068081e-01
CP021828.1	.	267546	3	C	CG	0.413	-3.011438e-01	1.349236e-01	-6.326914e+01	1.285555e-02	1.839247e-02	3.042283e-02	5.277601e-02	9.316160e-02
CP021828.1	.	268239	0	C	CGA	0.367	-1.467238e-01	1.398997e-01	-6.461281e+01	3.388960e-01	3.879948e-01	2.996433e-01	3.023834e-01	3.181635e-01
CP021828.1	.	272788	0	A	AC	0.061	-1.244201e-01	2.746674e-01	-6.505458e+01	3.631285e-01	4.550548e-01	6.526443e-01	6.712773e-01	6.785890e-01
CP021828.1	.	278508	0	G	GT	0.020	-7.491248e-01	4.527172e-01	-6.387611e+01	2.254051e-01	2.938712e-01	1.046430e-01	1.112022e-01	1.315896e-01
CP021828.1	.	281319	0	C	A	0.082	-3.043113e-01	2.383524e-01	-6.439825e+01	2.553084e-01	3.285642e-01	2.079704e-01	2.217868e-01	2.431523e-01
CP021828.1	.	284748	0	T	G	0.204	2.301000e-01	1.717874e-01	-6.426649e+01	3.342837e-01	3.660918e-01	1.868667e-01	1.850890e-01	2.006588e-01
CP021828.1	.	284766	1	C	A	0.292	6.013222e-02	1.573271e-01	-6.508206e+01	3.974152e-01	4.360030e-01	7.040273e-01	7.235233e-01	7.368086e-01
CP021828.1	.	284773	1	T	C	0.354	2.330942e-01	1.444070e-01	-6.391889e+01	2.563181e-01	2.775158e-01	1.131899e-01	1.174136e-01	1.376266e-01
CP021828.1	.	284794	1	A	G	0.354	7.941874e-02	1.483599e-01	-6.502489e+01	3.554615e-01	3.895543e-01	5.949586e-01	6.245676e-01	6.495285e-01
CP021828.1	.	284848	0	T	C	0.061	1.339832e-01	2.913658e-01	-6.505879e+01	3.648437e-01	4.095123e-01	6.477474e-01	6.786175e-01	6.993789e-01
CP021828.1	.	284860	0	G	A	0.020	-7.810765e-02	4.777217e-01	-6.512743e+01	4.536246e-01	5.321434e-01	8.708256e-01	8.528498e-01	8.561649e-01
CP021828.1	.	285106	0	C	G	0.204	-1.100313e-01	1.726712e-01	-6.493063e+01	4.982570e-01	5.537573e-01	5.270672e-01	5.129684e-01	5.192508e-01
CP021828.1	.	285187	0	G	C	0.041	1.843476e-01	3.395649e-01	-6.498879e+01	4.513288e-01	5.269593e-01	5.897686e-01	5.766487e-01	5.803495e-01
CP021828.1	.	285282	2	C	T	0.043	7.161827e-01	3.339086e-01	-6.215470e+01	4.991051e-01	1.000000e+05	3.716490e-02	1.447007e-02	4.199889e-02
CP021828.1	.	285298	2	A	G	0.064	5.587315e-01	2.744898e-01	-6.292292e+01	4.037221e-01	1.000000e+05	4.745760e-02	3.503579e-02	5.265145e-02
CP021828.1	.	285301	3	A	G	0.087	4.671349e-01	2.357101e-01	-6.250854e+01	5.571334e-01	1.000000e+05	5.336471e-02	2.166875e-02	5.872061e-02
CP021828.1	.	288053	1	GCC	G	0.167	1.965298e-01	1.854125e-01	-6.465167e+01	2.662529e-01	3.035953e-01	2.945797e-01	3.207410e-01	3.515078e-01
CP021828.1	.	288056	1	A	C	0.146	3.771084e-01	1.889291e-01	-6.347211e+01	1.059618e-01	1.166828e-01	5.174288e-02	6.740731e-02	9.391690e-02
CP021828.1	.	288081	1	CGCGAGT	C	0.062	3.864563e-01	2.808179e-01	-6.436578e+01	1.773297e-01	2.044602e-01	1.752876e-01	2.119992e-01	2.583308e-01
CP021828.1	.	291191	0	C	CG	0.449	3.681318e-01	1.263856e-01	-6.148752e+01	3.124776e-02	1.000000e+05	5.466347e-03	6.841059e-03	1.606075e-02
CP021828.1	.	292665	2	TA	T	0.447	5.194676e-02	1.438010e-01	-6.508083e+01	4.313008e-01	4.816936e-01	7.195383e-01	7.209142e-01	7.241848e-01
CP021828.1	.	296579	3	T	TC	0.065	-1.447470e-01	2.762723e-01	-6.499328e+01	4.811536e-01	5.792274e-01	6.027903e-01	5.821862e-01	5.913838e-01
CP021828.1	.	297100	0	A	T	0.041	-3.109605e-01	3.348076e-01	-6.476601e+01	2.832705e-01	3.499481e-01	3.577520e-01	3.841899e-01	4.091115e-01
CP021828.1	.	297103	0	A	T	0.020	-3.917040e-02	4.730556e-01	-6.514061e+01	4.323166e-01	5.108500e-01	9.343599e-01	9.285434e-01	9.290000e-01
CP021828.1	.	297736	0	A	G	0.184	2.208415e-01	1.726399e-01	-6.440325e+01	2.525686e-01	2.935598e-01	2.071051e-01	2.233420e-01	2.524249e-01
CP021828.1	.	297754	2	A	G	0.085	1.911342e-01	2.435870e-01	-6.484500e+01	3.682064e-01	4.324260e-01	4.365873e-01	4.388543e-01	4.494179e-01
CP021828.1	.	297802	1	G	A	0.021	-1.843135e-01	4.854440e-01	-6.506379e+01	5.021989e-01	5.805353e-01	7.058930e-01	6.876126e-01	6.988533e-01
CP021828.1	.	298110	0	G	C	0.224	-1.300790e-01	1.609902e-01	-6.480010e+01	5.266885e-01	6.115134e-01	4.231651e-01	4.064812e-01	4.194430e-01
CP021828.1	.	298986	0	T	C	0.020	-5.355397e-01	4.584696e-01	-6.443922e+01	4.366882e-01	5.330134e-01	2.486566e-01	2.349184e-01	2.444251e-01
CP021828.1	.	299051	2	C	T	0.043	6.962580e-02	3.457699e-01	-6.512657e+01	4.267019e-01	4.909247e-01	8.412825e-01	8.492650e-01	8.513961e-01
CP021828.1	.	300818	2	A	G	0.340	-2.390876e-02	1.450206e-01	-6.513282e+01	4.230391e-01	4.959142e-01	8.697576e-01	8.778242e-01	8.793074e-01
CP021828.1	.	301039	4	A	C	0.044	2.193556e-01	3.456097e-01	-6.494327e+01	4.071088e-01	4.706371e-01	5.287072e-01	5.256794e-01	5.310871e-01
CP021828.1	.	301132	0	T	C	0.449	3.642278e-02	1.379565e-01	-6.510923e+01	4.392956e-01	5.028336e-01	7.929215e-01	7.901578e-01	7.914788e-01
CP021828.1	.	301231	0	G	A	0.184	9.664351e-03	1.794986e-01	-6.514286e+01	4.509661e-01	5.103959e-01	9.572902e-01	9.525461e-01	9.528756e-01
CP021828.1	.	301273	3	C	T	0.087	3.507002e-01	2.523342e-01	-6.420681e+01	3.173431e-01	3.531667e-01	1.711306e-01	1.708303e-01	1.870534e-01
CP021828.1	.	301297	0	A	G	0.061	4.873435e-01	2.859048e-01	-6.369798e+01	3.689844e-01	4.109289e-01	9.487852e-02	8.894781e-02	1.013760e-01
CP021828.1	.	301548	0	C	T	0.102	-3.992227e-02	2.247953e-01	-6.512776e+01	4.425882e-01	5.105939e-01	8.598051e-01	8.542424e-01	8.550866e-01
CP021828.1	.	301581	0	T	C	0.102	3.778633e-01	2.209168e-01	-6.370554e+01	3.293296e-01	3.784565e-01	9.378009e-02	8.978703e-02	1.032689e-01
CP021828.1	.	302464	0	G	T	0.061	-1.580078e-01	2.730043e-01	-6.498005e+01	3.820508e-01	4.747483e-01	5.655051e-01	5.661430e-01	5.709073e-01
CP021828.1	.	360934	0	T	C	0.020	-1.063040e-01	5.017296e-01	-6.512051e+01	4.736819e-01	5.161178e-01	8.331207e-01	8.261471e-01	8.273907e-01
CP021828.1	.	364930	2	A	G	0.043	5.008540e-01	3.311166e-01	-6.362984e+01	5.365318e-01	1.000000e+05	1.370716e-01	8.175881e-02	1.393316e-01
CP021828.1	.	364939	1	G	A	0.083	3.143716e-01	2.375296e-01	-6.423968e+01	4.813392e-01	5.754490e-01	1.920697e-01	1.785197e-01	1.900418e-01
CP021828.1	.	365005	0	G	A	0.020	2.654234e-01	4.637673e-01	-6.496373e+01	4.916916e-01	5.975577e-01	5.698328e-01	5.475008e-01	5.597043e-01
CP021828.1	.	365016	1	C	G	0.042	1.634891e-01	3.320542e-01	-6.500743e+01	4.913083e-01	5.991192e-01	6.247594e-01	6.003821e-01	6.140849e-01
CP021828.1	.	365134	0	T	G	0.061	-2.462287e-01	2.761160e-01	-6.473886e+01	4.076399e-01	4.809064e-01	3.770655e-01	3.676613e-01	3.747091e-01
CP021828.1	.	365146	1	G	A	0.104	1.441850e-02	2.248357e-01	-6.514370e+01	4.329684e-01	5.021637e-01	9.491395e-01	9.654443e-01	9.663000e-01
CP021828.1	.	365169	0	T	A	0.061	2.115977e-01	2.814451e-01	-6.485405e+01	4.274861e-01	4.937114e-01	4.559044e-01	4.458511e-01	4.511719e-01
CP021828.1	.	365170	0	T	G	0.041	2.018342e-01	3.467569e-01	-6.496983e+01	4.423671e-01	4.994402e-01	5.633064e-01	5.543284e-01	5.579531e-01
CP021828.1	.	365221	0	A	G	0.224	-2.137805e-01	1.584151e-01	-6.427143e+01	2.992799e-01	3.446434e-01	1.836425e-01	1.863279e-01	2.067789e-01
CP021828.1	.	365233	3	T	G	0.370	3.148017e-01	1.408826e-01	-6.267763e+01	4.195774e-01	4.660575e-01	3.024373e-02	2.633305e-02	3.544777e-02
CP021828.1	.	365248	2	A	G	0.191	2.177862e-01	1.752630e-01	-6.438035e+01	3.555903e-01	3.985077e-01	2.201702e-01	2.163261e-01	2.306664e-01
CP021828.1	.	365251	4	T	C	0.178	2.968112e-01	1.817184e-01	-6.382295e+01	3.472669e-01	3.960240e-01	1.090758e-01	1.039825e-01	1.173313e-01
CP021828.1	.	365254	2	A	G	0.149	6.826185e-02	1.996083e-01	-6.509140e+01	4.150115e-01	4.635585e-01	7.338911e-01	7.442009e-01	7.507549e-01
CP021828.1	.	365264	2	G	C	0.468	-2.728572e-01	1.340495e-01	-6.343856e+01	8.763307e-02	9.786871e-02	4.746090e-02	6.471779e-02	1.013693e-01
CP021828.1	.	365296	3	A	G	0.261	2.110908e-01	1.637550e-01	-6.431964e+01	3.639887e-01	3.868942e-01	2.036842e-01	1.989602e-01	2.138639e-01
CP021828.1	.	365299	1	A	G	0.354	2.037769e-01	1.442627e-01	-6.420418e+01	2.766903e-01	3.007597e-01	1.643786e-01	1.702318e-01	1.938791e-01
CP021828.1	.	365326	2	A	G	0.277	1.003223e-01	1.630352e-01	-6.495234e+01	4.404743e-01	4.707503e-01	5.412977e-01	5.351571e-01	5.405172e-01
CP021828.1	.	365329	2	G	C	0.468	-5.067940e-02	1.417661e-01	-6.507786e+01	4.537815e-01	5.103527e-01	7.223283e-01	7.147858e-01	7.166210e-01
CP021828.1	.	365413	3	T	A	0.174	6.103867e-03	1.924472e-01	-6.514464e+01	4.499576e-01	5.079507e-01	9.748320e-01	9.996156e-01	9.996423e-01
CP021828.1	.	365437	0	G	T	0.041	6.851678e-02	3.460099e-01	-6.512422e+01	4.415386e-01	5.086103e-01	8.438837e-01	8.398595e-01	8.407656e-01
CP021828.1	.	365455	2	A	G	0.213	-7.653475e-02	1.782422e-01	-6.504670e+01	5.286025e-01	5.794142e-01	6.696043e-01	6.580697e-01	6.685858e-01
CP021828.1	.	365462	2	C	G	0.191	1.504253e-02	1.882954e-01	-6.514204e+01	4.689337e-01	4.991612e-01	9.366656e-01	9.425821e-01	9.438083e-01
CP021828.1	.	365470	3	T	C	0.217	-1.446280e-02	1.785933e-01	-6.514118e+01	4.702046e-01	5.083066e-01	9.358003e-01	9.337331e-01	9.340891e-01
CP021828.1	.	365473	4	C	T	0.178	-6.668015e-02	1.959038e-01	-6.508295e+01	4.941431e-01	5.318551e-01	7.350932e-01	7.254171e-01	7.284605e-01
CP021828.1	.	365506	1	A	G	0.188	1.806339e-01	1.774726e-01	-6.461906e+01	4.082891e-01	4.649320e-01	3.139778e-01	3.052420e-01	3.138904e-01
CP021828.1	.	365512	0	A	G	0.347	1.877250e-01	1.430202e-01	-6.430991e+01	3.189739e-01	3.584492e-01	1.956993e-01	1.963323e-01	2.134743e-01
CP021828.1	.	365529	3	A	C	0.457	-4.643607e-02	1.462964e-01	-6.510133e+01	4.114981e-01	4.552513e-01	7.523376e-01	7.685225e-01	7.774727e-01
CP021828.1	.	365581	3	G	T	0.326	6.581966e-02	1.538957e-01	-6.505708e+01	4.162176e-01	4.630477e-01	6.708301e-01	6.756125e-01	6.815495e-01
CP021828.1	.	365593	0	G	A	0.143	5.103507e-02	1.971604e-01	-6.510748e+01	4.630504e-01	5.286949e-01	7.968810e-01	7.851478e-01	7.876178e-01
CP021828.1	.	365602	1	A	G	0.146	-1.999654e-01	2.010168e-01	-6.463178e+01	5.148265e-01	5.609493e-01	3.249423e-01	3.111699e-01	3.203415e-01
CP021828.1	.	365605	0	T	G	0.082	-1.800671e-01	2.600484e-01	-6.489399e+01	5.310146e-01	5.801837e-01	4.920701e-01	4.789291e-01	4.884144e-01
CP021828.1	.	365659	0	A	G	0.041	-6.438018e-01	3.320100e-01	-6.325778e+01	5.791600e-01	6.590641e-01	5.850538e-02	5.206413e-02	6.440054e-02
CP021828.1	.	365733	1	G	T	0.333	9.704012e-02	1.516978e-01	-6.496147e+01	3.560527e-01	3.868714e-01	5.254779e-01	5.450066e-01	5.657779e-01
CP021828.1	.	365740	2	G	A	0.255	1.369439e-03	1.707753e-01	-6.514458e+01	4.761939e-01	5.110619e-01	9.936358e-01	9.914153e-01	9.920916e-01
CP021828.1	.	365743	4	G	C	0.267	1.849500e-01	1.666878e-01	-6.458004e+01	2.898441e-01	3.002935e-01	2.728339e-01	2.879461e-01	3.169665e-01
CP021828.1	.	365766	0	T	C	0.224	3.954159e-02	1.702857e-01	-6.512457e+01	4.181353e-01	4.578843e-01	8.173851e-01	8.412369e-01	8.521518e-01
CP021828.1	.	365781	0	T	C	0.041	1.891362e-01	3.390443e-01	-6.499535e+01	3.870892e-01	4.554411e-01	5.795937e-01	5.847782e-01	5.917748e-01
CP021828.1	.	365794	2	A	G	0.064	4.122934e-01	2.770553e-01	-6.414791e+01	2.194096e-01	2.652812e-01	1.433967e-01	1.579807e-01	1.841769e-01
CP021828.1	.	365824	4	G	C	0.044	3.400248e-01	3.479813e-01	-6.474522e+01	2.583570e-01	2.906550e-01	3.335051e-01	3.714402e-01	4.108671e-01
CP021828.1	.	365839	2	G	A	0.191	1.192467e-02	1.806457e-01	-6.514370e+01	4.437603e-01	5.002818e-01	9.476488e-01	9.655422e-01	9.668716e-01
CP021828.1	.	365881	3	C	A	0.109	-2.125641e-01	2.210907e-01	-6.466280e+01	4.623673e-01	5.437008e-01	3.412543e-01	3.262660e-01	3.342710e-01
CP021828.1	.	365899	1	C	G	0.438	-2.052791e-01	1.444112e-01	-6.333990e+01	9.524706e-01	1.000000e+05	1.617762e-01	5.745168e-02	2.414587e-01
CP021828.1	.	365931	4	C	T	0.333	-4.085844e-02	1.574224e-01	-6.504627e+01	5.318751e-01	1.000000e+05	7.963471e-01	6.573756e-01	8.028367e-01
CP021828.1	.	392642	2	A	G	0.489	-1.284453e-01	1.372868e-01	-6.469420e+01	4.318328e-01	4.972971e-01	3.542626e-01	3.425470e-01	3.496612e-01
CP021828.1	.	392819	0	G	C	0.224	4.701919e-01	1.467089e-01	-6.094489e+01	1.000000e-05	1.000000e-05	2.429149e-03	3.753246e-03	1.227140e-02
CP021828.1	.	626056	1	C	T	0.125	1.541205e-01	2.211194e-01	-6.490037e+01	4.244897e-01	4.489705e-01	4.892354e-01	4.845836e-01	4.923657e-01
CP021828.1	.	626067	0	AG	A	0.143	1.640648e-01	2.042889e-01	-6.482320e+01	4.037967e-01	4.311753e-01	4.259586e-01	4.226742e-01	4.327337e-01
CP021828.1	.	626086	1	C	T	0.167	3.844951e-02	1.978726e-01	-6.512582e+01	4.678684e-01	4.974967e-01	8.467672e-01	8.461827e-01	8.475223e-01
CP021828.1	.	626107	3	C	T	0.217	3.520710e-01	1.717786e-01	-6.304463e+01	4.826145e-01	5.491867e-01	4.601067e-02	4.042361e-02	5.066658e-02
CP021828.1	.	626113	3	T	C	0.196	2.469435e-01	1.879860e-01	-6.426281e+01	4.608163e-01	4.936929e-01	1.953484e-01	1.841702e-01	1.945455e-01
CP021828.1	.	626140	2	C	G	0.064	-5.340681e-01	2.738234e-01	-6.323579e+01	4.608398e-01	5.177736e-01	5.710490e-02	5.071390e-02	6.140851e-02
CP021828.1	.	626152	0	G	A	0.204	-8.475036e-02	1.862603e-01	-6.503674e+01	5.152901e-01	5.305195e-01	6.511967e-01	6.422675e-01	6.456628e-01
CP021828.1	.	626167	2	C	T	0.255	-3.442178e-01	1.600626e-01	-6.284543e+01	5.559504e-01	5.981591e-01	3.668885e-02	3.200147e-02	4.200184e-02
CP021828.1	.	626170	3	C	G	0.217	-3.727720e-01	1.814175e-01	-6.307341e+01	7.183539e-01	7.571414e-01	4.548326e-02	4.182039e-02	5.577359e-02
CP021828.1	.	626221	0	C	G	0.490	-1.086431e-01	1.455498e-01	-6.486803e+01	4.066399e-01	4.278074e-01	4.591236e-01	4.570078e-01	4.672058e-01
CP021828.1	.	626227	1	T	C	0.479	1.520415e-01	1.478782e-01	-6.462965e+01	3.570910e-01	3.595539e-01	3.091403e-01	3.101656e-01	3.281238e-01
CP021828.1	.	626260	2	C	T	0.489	-7.869450e-02	1.506864e-01	-6.502412e+01	3.788637e-01	3.845299e-01	6.039559e-01	6.234667e-01	6.487094e-01
CP021828.1	.	626271	0	T	TC	0.469	1.390819e-01	1.442828e-01	-6.480688e+01	2.123851e-01	1.797765e-01	3.400031e-01	4.111378e-01	5.005738e-01
CP021828.1	.	626284	3	A	C	0.435	2.957082e-01	1.339092e-01	-6.336890e+01	1.000000e-05	1.000000e-05	3.213934e-02	5.949241e-02	1.191175e-01
CP021828.1	.	626286	3	A	C	0.457	2.328475e-01	1.398151e-01	-6.418295e+01	5.387184e-02	1.000000e-05	1.024867e-01	1.654866e-01	2.584921e-01
CP021828.1	.	626293	0	T	C	0.388	2.697082e-01	1.331848e-01	-6.372748e+01	2.372256e-03	1.000000e-05	4.856139e-02	9.227017e-02	1.629386e-01
CP021828.1	.	626298	1	C	T	0.438	8.898650e-02	1.543086e-01	-6.500099e+01	3.579780e-01	3.371483e-01	5.669083e-01	5.919667e-01	6.312307e-01
CP021828.1	.	626305	2	A	G	0.383	1.205198e-01	1.547539e-01	-6.495935e+01	2.192537e-01	1.369458e-01	4.400108e-01	5.426934e-01	6.743135e-01
CP021828.1	.	626308	1	G	T	0.396	2.197102e-01	1.358809e-01	-6.446118e+01	1.000000e-05	1.000000e-05	1.125859e-01	2.423420e-01	4.167182e-01
CP021828.1	.	661775	1	C	T	0.208	9.940431e-02	1.687738e-01	-6.498082e+01	3.801088e-01	4.373707e-01	5.586954e-01	5.670591e-01	5.772473e-01
CP021828.1	.	897897	1	T	C	0.021	-1.752662e-01	4.814298e-01	-6.507167e+01	4.719327e-01	5.429407e-01	7.174507e-01	7.024615e-01	7.068213e-01
CP021828.1	.	898518	0	G	C	0.041	2.429505e-01	3.367259e-01	-6.487739e+01	4.190036e-01	4.951876e-01	4.741710e-01	4.647213e-01	4.697010e-01
CP021828.1	.	911042	0	A	T	0.020	5.759773e-01	4.574658e-01	-6.326656e+01	6.350389e-01	1.000000e+05	2.142258e-01	5.261331e-02	2.279533e-01
CP021828.1	.	994802	1	C	T	0.062	2.550679e-01	2.768358e-01	-6.470046e+01	5.684761e-01	6.740499e-01	3.615632e-01	3.459254e-01	3.663200e-01
CP021828.1	.	994803	0	A	C	0.061	2.168297e-01	2.708872e-01	-6.480642e+01	4.484801e-01	5.446042e-01	4.274819e-01	4.108164e-01	4.175350e-01
CP021828.1	.	995452	0	T	C	0.041	-1.651694e-01	3.467588e-01	-6.502133e+01	5.324796e-01	6.145909e-01	6.360508e-01	6.194738e-01	6.370747e-01
CP021828.1	.	1322288	2	C	G	0.021	7.232317e-01	4.818820e-01	-6.400494e+01	4.139378e-01	4.727529e-01	1.400834e-01	1.311036e-01	1.424734e-01
CP021828.1	.	1322354	0	G	A	0.041	8.155253e-01	3.426934e-01	-6.212139e+01	5.226210e-01	1.000000e+05	2.143425e-02	1.393395e-02	2.625797e-02
CP021828.1	.	1452970	0	G	T	0.020	-1.358027e-01	4.744527e-01	-6.509703e+01	4.613706e-01	5.451338e-01	7.759597e-01	7.576432e-01	7.625049e-01
CP021828.1	.	1452986	2	CA	C	0.064	3.472313e-01	2.860631e-01	-6.439721e+01	4.080825e-01	4.620795e-01	2.308779e-01	2.214652e-01	2.317168e-01
CP021828.1	.	1471780	2	G	A	0.468	-1.386303e-02	1.400578e-01	-6.513918e+01	4.452415e-01	5.100360e-01	9.215745e-01	9.168336e-01	9.173142e-01
