chr	rs	ps	n_miss	allele1	allele0	af	beta	se	logl_H1	l_remle	l_mle	p_wald	p_lrt	p_score
CP021825.1	.	10624	0	T	TCTGGCCGGACG	0.184	-1.594837e-01	1.734598e-01	-6.030021e+01	2.416728e+00	1.000000e+05	3.625670e-01	1.716092e-01	1.821735e-01
CP021825.1	.	218304	0	T	C	0.020	1.028365e+00	4.134038e-01	-5.745549e+01	3.592738e+00	1.000000e+05	1.646732e-02	5.973543e-03	1.102877e-02
CP021825.1	.	526844	0	G	T	0.020	6.041326e-01	4.341919e-01	-6.043407e+01	1.744544e+00	1.000000e+05	1.706568e-01	2.057466e-01	2.156540e-01
CP021825.1	.	1038788	1	G	C	0.312	-1.064104e-01	1.494659e-01	-6.079415e+01	2.132293e+00	1.000000e+05	4.800223e-01	3.479415e-01	3.548804e-01
CP021825.1	.	1038838	4	C	T	0.244	1.836271e-02	1.689435e-01	-6.123457e+01	1.852731e+00	1.000000e+05	9.139100e-01	9.914298e-01	9.914753e-01
CP021825.1	.	1247320	0	T	C	0.020	-9.112635e-02	4.338637e-01	-6.123353e+01	1.719870e+00	1.000000e+05	8.345486e-01	9.626991e-01	9.628977e-01
CP021825.1	.	1356055	0	T	TC	0.163	-2.060663e-01	1.927154e-01	-6.005069e+01	2.734600e+00	1.000000e+05	2.904056e-01	1.238559e-01	1.351139e-01
CP021825.1	.	1358090	0	G	T	0.041	2.964816e-01	3.241837e-01	-6.099560e+01	1.654118e+00	1.000000e+05	3.650973e-01	4.893052e-01	4.937548e-01
CP021825.1	.	1358203	0	ATG	A	0.388	1.166160e-01	1.454170e-01	-6.066091e+01	2.141856e+00	1.000000e+05	4.266225e-01	2.840879e-01	2.923433e-01
CP021825.1	.	1360089	0	C	T	0.020	5.948898e-01	4.805053e-01	-6.027624e+01	1.997985e+00	1.000000e+05	2.218461e-01	1.662138e-01	1.768731e-01
CP021825.1	.	1377217	0	G	A	0.020	-5.250559e-01	4.362242e-01	-6.072001e+01	1.506065e+00	1.000000e+05	2.347571e-01	3.103418e-01	3.180458e-01
CP021825.1	.	1377263	2	G	C	0.213	-3.289607e-02	1.821292e-01	-6.115831e+01	1.978731e+00	1.000000e+05	8.574429e-01	6.960394e-01	6.980279e-01
CP021825.1	.	1377284	3	A	C	0.087	3.275241e-01	2.462252e-01	-6.052286e+01	1.571620e+00	1.000000e+05	1.898775e-01	2.328246e-01	2.421702e-01
CP021825.1	.	1377293	1	G	C	0.146	1.182675e-01	2.036064e-01	-6.117237e+01	1.516154e+00	1.000000e+05	5.641074e-01	7.241878e-01	7.259324e-01
CP021825.1	.	1377296	0	T	C	0.184	1.646630e-01	1.889568e-01	-6.123298e+01	1.393821e+00	1.000000e+05	3.879479e-01	9.542369e-01	9.544809e-01
CP021825.1	.	1377315	0	G	C	0.102	2.930122e-01	2.228489e-01	-6.068001e+01	1.650507e+00	1.000000e+05	1.949411e-01	2.922505e-01	3.003333e-01
CP021825.1	.	1377395	0	C	T	0.061	-1.123800e-01	2.664508e-01	-6.118807e+01	1.764913e+00	1.000000e+05	6.751184e-01	7.602573e-01	7.617142e-01
CP021825.1	.	1377398	0	T	C	0.020	4.265056e-01	4.823548e-01	-6.060366e+01	1.889604e+00	1.000000e+05	3.810809e-01	2.612858e-01	2.700264e-01
CP021825.1	.	1377584	2	A	G	0.106	-4.587542e-02	2.319229e-01	-6.123052e+01	1.886915e+00	1.000000e+05	8.440510e-01	9.278495e-01	9.282373e-01
CP021825.1	.	1377602	1	C	T	0.125	-3.402434e-01	2.117618e-01	-5.990043e+01	2.232557e+00	1.000000e+05	1.148127e-01	1.023603e-01	1.137606e-01
CP021825.1	.	1377690	0	A	G	0.041	-5.673159e-01	3.501804e-01	-5.989207e+01	2.035110e+00	1.000000e+05	1.119090e-01	1.012901e-01	1.126933e-01
CP021825.1	.	1377704	1	A	T	0.500	-1.681375e-02	1.387077e-01	-6.119993e+01	1.886096e+00	1.000000e+05	9.040358e-01	7.922353e-01	7.934581e-01
CP021825.1	.	1377749	0	A	C	0.041	-1.862262e-01	3.175223e-01	-6.122152e+01	1.512968e+00	1.000000e+05	5.603475e-01	8.713745e-01	8.720855e-01
CP021825.1	.	1377794	0	G	C	0.082	1.980684e-01	2.290799e-01	-6.060158e+01	2.006796e+00	1.000000e+05	3.916359e-01	2.605024e-01	2.692597e-01
CP021825.1	.	1377877	2	A	G	0.128	1.051825e-01	1.971723e-01	-6.079369e+01	1.997520e+00	1.000000e+05	5.962326e-01	3.476887e-01	3.546326e-01
CP021825.1	.	1732471	0	A	AT	0.061	-1.473783e-01	3.169190e-01	-6.066024e+01	2.309454e+00	1.000000e+05	6.440541e-01	2.838072e-01	2.920685e-01
CP021825.1	.	1732500	1	G	A	0.083	1.133841e-02	2.634509e-01	-6.121718e+01	1.886820e+00	1.000000e+05	9.658535e-01	8.518316e-01	8.526614e-01
CP021825.1	.	1732515	1	T	G	0.292	2.232120e-01	1.644587e-01	-6.113156e+01	1.054358e+00	1.000000e+05	1.811832e-01	6.498256e-01	6.522561e-01
CP021825.1	.	1732521	0	G	T	0.224	2.095150e-01	1.772220e-01	-6.114488e+01	1.211787e+00	1.000000e+05	2.430660e-01	6.718143e-01	6.740277e-01
CP021825.1	.	1732545	3	A	G	0.304	1.055657e-01	1.742414e-01	-6.118367e+01	1.630890e+00	1.000000e+05	5.475235e-01	7.495601e-01	7.510996e-01
CP021825.1	.	1732551	1	T	C	0.312	3.621813e-02	1.737972e-01	-6.123381e+01	1.887749e+00	1.000000e+05	8.358225e-01	9.678797e-01	9.680505e-01
CP021825.1	.	1732566	2	C	A	0.404	7.267262e-02	1.500343e-01	-6.091678e+01	1.955770e+00	1.000000e+05	6.303706e-01	4.252745e-01	4.307684e-01
CP021825.1	.	1732594	3	A	G	0.174	-8.126303e-02	1.901072e-01	-6.117199e+01	1.895216e+00	1.000000e+05	6.709972e-01	7.233856e-01	7.251369e-01
CP021825.1	.	1904758	0	G	C	0.041	-2.968125e-01	3.549300e-01	-6.079212e+01	2.059848e+00	1.000000e+05	4.072422e-01	3.468336e-01	3.537945e-01
CP021826.1	.	143947	0	AT	A	0.469	-7.249146e-03	1.377910e-01	-6.121137e+01	1.861965e+00	1.000000e+05	9.582659e-01	8.292700e-01	8.302427e-01
CP021826.1	.	148361	3	CA	C	0.022	-3.061600e-01	4.263965e-01	-6.095697e+01	1.673835e+00	1.000000e+05	4.763008e-01	4.561541e-01	4.611266e-01
CP021827.1	.	12013	3	A	AT	0.478	2.062894e-01	1.506551e-01	-6.054657e+01	1.585643e+00	1.000000e+05	1.774189e-01	2.407667e-01	2.499443e-01
CP021827.1	.	12058	0	A	AGGG	0.469	9.457810e-02	1.461044e-01	-6.118842e+01	1.707070e+00	1.000000e+05	5.205663e-01	7.611418e-01	7.625921e-01
CP021827.1	.	16476	4	AC	A	0.467	-2.472919e-02	1.495659e-01	-6.117221e+01	1.945112e+00	1.000000e+05	8.693857e-01	7.238503e-01	7.255977e-01
CP021827.1	.	74787	2	A	G	0.043	-5.980159e-02	3.467110e-01	-6.122708e+01	1.878524e+00	1.000000e+05	8.637988e-01	9.022555e-01	9.027866e-01
CP021827.1	.	74828	0	G	C	0.061	-9.841313e-02	3.001243e-01	-6.121414e+01	1.932955e+00	1.000000e+05	7.444376e-01	8.395950e-01	8.405015e-01
CP021827.1	.	74859	1	GC	G	0.208	1.341902e-01	1.662054e-01	-6.054471e+01	2.031282e+00	1.000000e+05	4.235176e-01	2.401298e-01	2.493209e-01
CP021827.1	.	74963	0	CG	C	0.163	1.577726e-01	1.748600e-01	-6.081258e+01	1.760321e+00	1.000000e+05	3.715092e-01	3.582287e-01	3.649647e-01
CP021827.1	.	74986	3	G	C	0.043	-1.611900e-01	3.259225e-01	-6.116424e+01	1.762987e+00	1.000000e+05	6.232108e-01	7.075102e-01	7.093970e-01
CP021827.1	.	109668	0	C	G	0.082	1.691550e-01	2.448473e-01	-6.071938e+01	2.148408e+00	1.000000e+05	4.930523e-01	3.100450e-01	3.177552e-01
CP021827.1	.	302275	3	A	AT	0.152	1.877794e-01	1.929378e-01	-6.052704e+01	2.228777e+00	1.000000e+05	3.354047e-01	2.341990e-01	2.435156e-01
CP021827.1	.	322944	0	C	T	0.061	-1.716182e-01	2.996877e-01	-6.049406e+01	2.339020e+00	1.000000e+05	5.696066e-01	2.235993e-01	2.331387e-01
CP021827.1	.	322957	0	T	C	0.082	-1.694162e-01	2.413950e-01	-6.088066e+01	2.000238e+00	1.000000e+05	4.862515e-01	4.001310e-01	4.060735e-01
CP021827.1	.	352369	0	G	C	0.061	2.808175e-01	2.957743e-01	-6.098015e+01	1.588327e+00	1.000000e+05	3.472576e-01	4.755979e-01	4.802590e-01
CP021827.1	.	352549	0	C	T	0.163	6.114351e-02	1.817570e-01	-6.096729e+01	1.887840e+00	1.000000e+05	7.380648e-01	4.646536e-01	4.694884e-01
CP021827.1	.	352609	0	G	A	0.122	-1.856622e-02	1.997376e-01	-6.122922e+01	1.820641e+00	1.000000e+05	9.263359e-01	9.172312e-01	9.176779e-01
CP021827.1	.	359548	0	C	A	0.224	2.034908e-01	1.787498e-01	-6.118509e+01	1.222057e+00	1.000000e+05	2.607185e-01	7.529457e-01	7.544589e-01
CP021827.1	.	359571	1	G	A	0.354	1.109083e-01	1.593324e-01	-6.122762e+01	1.567220e+00	1.000000e+05	4.898060e-01	9.058106e-01	9.063215e-01
CP021827.1	.	359578	0	G	T	0.388	6.415784e-02	1.470944e-01	-6.122350e+01	1.715068e+00	1.000000e+05	6.647120e-01	8.814461e-01	8.820975e-01
CP021827.1	.	387590	0	C	G	0.020	-5.934707e-01	4.274213e-01	-6.036437e+01	1.728538e+00	1.000000e+05	1.715333e-01	1.870735e-01	1.973502e-01
CP021827.1	.	392984	0	ACC	A	0.020	-7.497106e-02	4.693689e-01	-6.116359e+01	1.876341e+00	1.000000e+05	8.737803e-01	7.062375e-01	7.081355e-01
CP021827.1	.	399746	1	C	A	0.146	-3.535535e-02	1.889915e-01	-6.089590e+01	1.904588e+00	1.000000e+05	8.524080e-01	4.104678e-01	4.162233e-01
CP021827.1	.	418234	0	T	G	0.020	-1.641229e-01	4.331160e-01	-6.123395e+01	1.590277e+00	1.000000e+05	7.064425e-01	9.706438e-01	9.707999e-01
CP021827.1	.	431565	0	G	C	0.041	-5.942713e-01	3.489944e-01	-5.973222e+01	2.140797e+00	1.000000e+05	9.520915e-02	8.301804e-02	9.438426e-02
CP021827.1	.	431583	1	T	C	0.062	-1.757461e-01	2.930058e-01	-6.097826e+01	1.951993e+00	1.000000e+05	5.515177e-01	4.739587e-01	4.786456e-01
CP021827.1	.	431631	3	C	A	0.065	-5.687665e-01	2.853964e-01	-5.839705e+01	3.281891e+00	1.000000e+05	5.209658e-02	1.720691e-02	2.503420e-02
CP021827.1	.	431663	3	G	A	0.348	1.022648e-01	1.490968e-01	-6.080233e+01	2.092665e+00	1.000000e+05	4.961488e-01	3.524602e-01	3.593096e-01
CP021827.1	.	431703	0	C	G	0.408	7.508151e-02	1.436392e-01	-6.122877e+01	1.762060e+00	1.000000e+05	6.036321e-01	9.138651e-01	9.143306e-01
CP021827.1	.	431760	4	C	G	0.356	-1.323056e-02	1.489144e-01	-6.120727e+01	1.883573e+00	1.000000e+05	9.295812e-01	8.150528e-01	8.161191e-01
CP021827.1	.	431808	0	C	T	0.102	1.460663e-01	2.190342e-01	-6.084216e+01	2.026426e+00	1.000000e+05	5.081191e-01	3.756401e-01	3.820397e-01
CP021827.1	.	431838	0	A	C	0.041	1.504014e-01	3.360460e-01	-6.112413e+01	1.888669e+00	1.000000e+05	6.565254e-01	6.382936e-01	6.408432e-01
CP021827.1	.	431967	3	G	T	0.087	3.718208e-02	2.407363e-01	-6.114723e+01	1.850066e+00	1.000000e+05	8.779151e-01	6.758959e-01	6.780704e-01
CP021827.1	.	431968	4	C	T	0.044	-2.365124e-01	3.199998e-01	-6.085545e+01	1.846372e+00	1.000000e+05	4.635205e-01	3.838478e-01	3.900921e-01
CP021827.1	.	432981	0	C	A	0.020	-8.783579e-01	4.560871e-01	-5.932149e+01	1.957260e+00	1.000000e+05	6.018363e-02	5.045517e-02	6.113152e-02
CP021827.1	.	444780	0	C	A	0.041	1.907667e-02	3.277243e-01	-6.123243e+01	1.815160e+00	1.000000e+05	9.538285e-01	9.471941e-01	9.474762e-01
CP021827.1	.	452198	1	AG	A	0.125	-1.904204e-02	1.982988e-01	-6.122714e+01	1.786441e+00	1.000000e+05	9.239074e-01	9.026347e-01	9.031637e-01
CP021827.1	.	471937	1	C	CT	0.271	-2.771823e-01	1.570701e-01	-6.057500e+01	8.967644e-01	1.000000e+05	8.411117e-02	2.507281e-01	2.596937e-01
CP021827.1	.	551651	0	T	G	0.020	-4.728720e-02	4.235645e-01	-6.121744e+01	1.693682e+00	1.000000e+05	9.115834e-01	8.529377e-01	8.537607e-01
CP021827.1	.	554119	0	GA	G	0.429	3.367581e-01	1.287264e-01	-5.934883e+01	9.894500e-01	1.000000e+05	1.192235e-02	5.213005e-02	6.287181e-02
CP021827.1	.	556422	0	T	TC	0.143	8.389732e-02	1.975077e-01	-6.112525e+01	1.927882e+00	1.000000e+05	6.729354e-01	6.399952e-01	6.425270e-01
CP021827.1	.	586523	0	G	C	0.449	2.172442e-01	1.396380e-01	-6.081530e+01	1.141226e+00	1.000000e+05	1.264722e-01	3.597842e-01	3.664898e-01
CP021827.1	.	586570	0	A	T	0.449	-4.751555e-02	1.467439e-01	-6.119369e+01	1.890361e+00	1.000000e+05	7.475266e-01	7.747818e-01	7.761301e-01
CP021827.1	.	586637	0	A	G	0.327	3.232538e-01	1.473156e-01	-5.884983e+01	1.830096e+00	1.000000e+05	3.319231e-02	2.896673e-02	3.827555e-02
CP021827.1	.	586673	0	G	A	0.265	3.864503e-01	1.585742e-01	-5.838182e+01	1.573548e+00	1.000000e+05	1.864854e-02	1.691085e-02	2.468853e-02
CP021827.1	.	586713	0	C	CCAGATCGCAGTGCCGA	0.061	5.278641e-01	2.887960e-01	-5.990103e+01	1.561199e+00	1.000000e+05	7.392987e-02	1.024366e-01	1.138367e-01
CP021827.1	.	586790	1	G	A	0.062	6.892315e-02	2.780196e-01	-6.110187e+01	1.825060e+00	1.000000e+05	8.052858e-01	6.063603e-01	6.092589e-01
CP021827.1	.	586819	1	A	G	0.062	1.188263e-01	3.108423e-01	-6.113770e+01	1.867586e+00	1.000000e+05	7.039830e-01	6.597381e-01	6.620692e-01
CP021827.1	.	586831	0	G	A	0.041	1.884120e-01	3.559583e-01	-6.109402e+01	1.784264e+00	1.000000e+05	5.990822e-01	5.959168e-01	5.989361e-01
CP021827.1	.	595041	0	G	A	0.020	6.587586e-01	4.210204e-01	-5.954924e+01	2.227697e+00	1.000000e+05	1.243689e-01	6.636269e-02	7.750867e-02
CP021827.1	.	595043	0	A	C	0.020	-6.118831e-01	4.431382e-01	-6.032068e+01	1.771384e+00	1.000000e+05	1.738731e-01	1.763769e-01	1.868547e-01
CP021827.1	.	596030	1	G	GGT	0.021	-7.514075e-01	4.359353e-01	-5.843651e+01	4.778115e+00	1.000000e+05	9.134114e-02	1.799910e-02	2.595528e-02
CP021827.1	.	596707	0	C	CGCGT	0.367	-3.508321e-01	1.672243e-01	-5.837070e+01	4.000398e+00	1.000000e+05	4.131042e-02	1.669788e-02	2.443937e-02
CP021827.1	.	606298	1	T	G	0.021	1.128432e-01	4.727676e-01	-6.120348e+01	1.836565e+00	1.000000e+05	8.123864e-01	8.029006e-01	8.040492e-01
CP021827.1	.	639984	3	TTGC	T	0.109	6.524325e-02	2.408517e-01	-6.121640e+01	1.826275e+00	1.000000e+05	7.876652e-01	8.485793e-01	8.494293e-01
CP021827.1	.	640681	1	G	C	0.375	1.205588e-01	1.430166e-01	-6.119584e+01	1.547755e+00	1.000000e+05	4.035146e-01	7.806269e-01	7.819327e-01
CP021827.1	.	661801	4	G	C	0.378	1.323016e-01	1.428402e-01	-6.118789e+01	1.528748e+00	1.000000e+05	3.590626e-01	7.598232e-01	7.612835e-01
CP021827.1	.	661862	0	C	G	0.367	1.806840e-01	1.387846e-01	-6.019602e+01	2.105841e+00	1.000000e+05	1.992946e-01	1.495142e-01	1.604455e-01
CP021827.1	.	661985	1	A	G	0.188	-4.377486e-02	1.684254e-01	-6.101660e+01	1.912234e+00	1.000000e+05	7.960711e-01	5.090392e-01	5.131956e-01
CP021827.1	.	662382	3	A	G	0.413	-1.860224e-01	1.400890e-01	-6.071596e+01	1.702673e+00	1.000000e+05	1.906286e-01	3.084433e-01	3.161867e-01
CP021827.1	.	662502	0	C	A	0.163	6.245132e-02	1.823670e-01	-6.094979e+01	1.984614e+00	1.000000e+05	7.335402e-01	4.503895e-01	4.554568e-01
CP021827.1	.	662628	0	C	T	0.082	4.083424e-02	2.590484e-01	-6.101566e+01	1.801368e+00	1.000000e+05	8.754223e-01	5.081273e-01	5.122969e-01
CP021827.1	.	663480	0	T	G	0.041	1.608304e-01	3.342397e-01	-6.123213e+01	1.630113e+00	1.000000e+05	6.326193e-01	9.436995e-01	9.440006e-01
CP021827.1	.	663639	0	T	C	0.041	2.814985e-01	3.376364e-01	-6.105029e+01	1.716502e+00	1.000000e+05	4.086489e-01	5.437366e-01	5.474094e-01
CP021827.1	.	702429	0	AT	A	0.347	6.263458e-02	1.660630e-01	-6.123358e+01	1.697391e+00	1.000000e+05	7.077424e-01	9.635418e-01	9.637359e-01
CP021827.1	.	703232	0	AGC	A	0.020	-5.361589e-02	4.723057e-01	-6.121620e+01	1.856199e+00	1.000000e+05	9.101023e-01	8.477900e-01	8.486450e-01
CP021827.1	.	704259	4	G	A	0.156	1.838605e-01	1.893296e-01	-6.087232e+01	1.743976e+00	1.000000e+05	3.364632e-01	3.946398e-01	4.006831e-01
CP021827.1	.	704277	0	G	A	0.082	-3.166561e-01	2.370333e-01	-6.030882e+01	2.071357e+00	1.000000e+05	1.880103e-01	1.735964e-01	1.841249e-01
CP021827.1	.	704633	0	C	G	0.204	1.390702e-02	1.872113e-01	-6.111096e+01	1.881165e+00	1.000000e+05	9.410987e-01	6.189585e-01	6.217159e-01
CP021827.1	.	705509	1	C	T	0.229	3.467065e-01	1.634612e-01	-5.816138e+01	2.392955e+00	1.000000e+05	3.922303e-02	1.316733e-02	2.023884e-02
CP021827.1	.	707585	0	C	A	0.265	-9.625885e-02	1.633116e-01	-6.070764e+01	2.166988e+00	1.000000e+05	5.584036e-01	3.045970e-01	3.124206e-01
CP021827.1	.	707754	1	G	A	0.167	1.140743e-01	1.782201e-01	-6.115287e+01	1.651783e+00	1.000000e+05	5.252318e-01	6.859519e-01	6.880323e-01
CP021827.1	.	707844	4	A	C	0.444	-8.433757e-02	1.459899e-01	-6.096260e+01	2.026659e+00	1.000000e+05	5.662278e-01	4.607599e-01	4.656574e-01
CP021827.1	.	708071	2	T	C	0.149	-1.000992e-01	1.833811e-01	-6.110994e+01	1.843757e+00	1.000000e+05	5.877484e-01	6.175137e-01	6.202871e-01
CP021827.1	.	708380	1	T	G	0.208	1.471115e-02	1.686106e-01	-6.121302e+01	1.858298e+00	1.000000e+05	9.308441e-01	8.353396e-01	8.362732e-01
CP021827.1	.	708434	1	G	A	0.479	-2.443118e-02	1.487100e-01	-6.122605e+01	1.920824e+00	1.000000e+05	8.702093e-01	8.958404e-01	8.964082e-01
CP021827.1	.	708442	1	G	A	0.479	-4.309519e-03	1.471804e-01	-6.122155e+01	1.915732e+00	1.000000e+05	9.767649e-01	8.715452e-01	8.722552e-01
CP021827.1	.	708476	1	T	C	0.333	-9.784085e-02	1.495697e-01	-6.104800e+01	1.946299e+00	1.000000e+05	5.162042e-01	5.412441e-01	5.449503e-01
CP021827.1	.	708524	3	T	A	0.109	9.297028e-02	2.410702e-01	-6.075205e+01	2.011366e+00	1.000000e+05	7.014912e-01	3.258914e-01	3.332749e-01
CP021827.1	.	735678	0	T	A	0.020	2.208678e-02	4.360369e-01	-6.106416e+01	1.774511e+00	1.000000e+05	9.598163e-01	5.592951e-01	5.627639e-01
CP021827.1	.	735689	1	G	C	0.021	-1.090764e-01	4.252765e-01	-6.123027e+01	1.650585e+00	1.000000e+05	7.986968e-01	9.256813e-01	9.260810e-01
CP021827.1	.	770043	1	A	G	0.042	-9.635419e-05	3.850630e-01	-6.105977e+01	1.941268e+00	1.000000e+05	9.998014e-01	5.542760e-01	5.578098e-01
CP021827.1	.	770137	3	C	T	0.413	9.915913e-03	1.493263e-01	-6.116711e+01	1.923815e+00	1.000000e+05	9.473376e-01	7.132723e-01	7.151094e-01
CP021827.1	.	773282	1	T	C	0.250	1.829279e-02	1.595134e-01	-6.123407e+01	1.841040e+00	1.000000e+05	9.091883e-01	9.733366e-01	9.734783e-01
CP021827.1	.	773324	2	C	T	0.191	-1.165068e-01	1.843234e-01	-6.093521e+01	2.144646e+00	1.000000e+05	5.303985e-01	4.390236e-01	4.442813e-01
CP021827.1	.	773342	0	G	A	0.143	-5.414210e-02	2.067574e-01	-6.122585e+01	1.957579e+00	1.000000e+05	7.945714e-01	8.945837e-01	8.951587e-01
CP021827.1	.	774022	0	A	T	0.061	2.589323e-01	2.750356e-01	-6.059537e+01	1.865693e+00	1.000000e+05	3.512882e-01	2.581748e-01	2.669817e-01
CP021827.1	.	777791	0	T	G	0.061	1.279396e-01	3.241743e-01	-6.123342e+01	1.810937e+00	1.000000e+05	6.948769e-01	9.609069e-01	9.611151e-01
CP021827.1	.	778433	0	T	TC	0.061	8.184955e-02	2.978666e-01	-6.123283e+01	1.798893e+00	1.000000e+05	7.846850e-01	9.522687e-01	9.525233e-01
CP021827.1	.	778438	1	C	T	0.083	3.506985e-01	2.706562e-01	-6.076800e+01	1.471929e+00	1.000000e+05	2.013946e-01	3.340223e-01	3.412405e-01
CP021827.1	.	778447	3	C	G	0.239	8.435931e-02	1.724552e-01	-6.116390e+01	1.858286e+00	1.000000e+05	6.269990e-01	7.068538e-01	7.087465e-01
CP021827.1	.	778456	3	A	G	0.391	1.189425e-02	1.652771e-01	-6.123458e+01	1.986693e+00	1.000000e+05	9.429348e-01	9.926139e-01	9.926530e-01
CP021827.1	.	778462	1	G	A	0.458	-6.322879e-02	1.596154e-01	-6.107349e+01	2.043971e+00	1.000000e+05	6.938002e-01	5.702465e-01	5.735765e-01
CP021827.1	.	778468	2	T	C	0.447	-1.127216e-01	1.516074e-01	-6.080896e+01	2.033524e+00	1.000000e+05	4.608739e-01	3.561745e-01	3.629508e-01
CP021827.1	.	778492	0	G	A	0.184	-2.139084e-01	1.735883e-01	-6.101679e+01	1.299861e+00	1.000000e+05	2.239759e-01	5.092229e-01	5.133766e-01
CP021827.1	.	778502	4	A	G	0.200	-1.860193e-01	1.828232e-01	-6.099414e+01	1.602543e+00	1.000000e+05	3.141335e-01	4.879808e-01	4.924505e-01
CP021827.1	.	778510	4	G	C	0.289	-1.975420e-01	1.620155e-01	-6.046423e+01	1.964017e+00	1.000000e+05	2.288225e-01	2.145018e-01	2.242301e-01
CP021827.1	.	793546	0	G	A	0.082	1.750625e-01	2.571639e-01	-6.123149e+01	1.604748e+00	1.000000e+05	4.993743e-01	9.369165e-01	9.372545e-01
CP021827.1	.	793560	0	C	G	0.163	2.377382e-01	1.999476e-01	-6.054956e+01	1.790303e+00	1.000000e+05	2.404114e-01	2.417882e-01	2.509441e-01
CP021827.1	.	793567	1	G	C	0.167	4.061419e-01	2.030870e-01	-5.929680e+01	1.769555e+00	1.000000e+05	5.131537e-02	4.899138e-02	5.960686e-02
CP021827.1	.	793579	2	A	G	0.149	3.181483e-01	2.208986e-01	-6.059778e+01	1.508382e+00	1.000000e+05	1.564264e-01	2.590763e-01	2.678640e-01
CP021827.1	.	793591	3	C	G	0.152	7.281757e-02	2.156344e-01	-6.121402e+01	1.777334e+00	1.000000e+05	7.371005e-01	8.391536e-01	8.400629e-01
CP021827.1	.	809071	0	C	T	0.020	-4.513183e-01	4.185480e-01	-6.034139e+01	1.819143e+00	1.000000e+05	2.864052e-01	1.813578e-01	1.917431e-01
CP021827.1	.	958334	0	C	A	0.020	5.893313e-01	4.485050e-01	-5.978341e+01	2.118184e+00	1.000000e+05	1.952268e-01	8.844593e-02	9.984165e-02
CP021827.1	.	958352	2	G	GC	0.170	-4.300403e-01	1.757275e-01	-6.037496e+01	6.258653e-01	1.000000e+05	1.818962e-02	1.897805e-01	2.000050e-01
CP021827.1	.	962653	1	T	C	0.042	5.884108e-01	3.414859e-01	-5.886487e+01	3.246074e+00	1.000000e+05	9.144656e-02	2.947743e-02	3.883437e-02
CP021827.1	.	962660	0	T	C	0.041	1.096372e+00	3.136802e-01	-5.480800e+01	4.094420e+00	1.000000e+05	1.044670e-03	3.368945e-04	1.543722e-03
CP021827.1	.	962668	0	A	C	0.122	5.079779e-01	2.094099e-01	-5.817176e+01	2.111591e+00	1.000000e+05	1.916946e-02	1.332288e-02	2.042704e-02
CP021827.1	.	962673	0	T	C	0.143	2.957348e-01	1.980352e-01	-6.017313e+01	1.814037e+00	1.000000e+05	1.420303e-01	1.451025e-01	1.560990e-01
CP021827.1	.	962686	0	C	A	0.388	7.337525e-02	1.460542e-01	-6.123430e+01	1.718450e+00	1.000000e+05	6.177434e-01	9.797886e-01	9.798959e-01
CP021827.1	.	1009532	0	AT	A	0.102	-4.193596e-01	2.230325e-01	-5.833696e+01	4.646421e+00	1.000000e+05	6.627771e-02	1.606874e-02	2.370076e-02
CP021827.1	.	1009548	0	G	A	0.041	1.286869e-02	3.499088e-01	-6.118297e+01	1.866051e+00	1.000000e+05	9.708184e-01	7.479007e-01	7.494532e-01
CP021827.1	.	1009563	0	T	C	0.061	-2.893649e-01	2.872249e-01	-6.024586e+01	2.483917e+00	1.000000e+05	3.188769e-01	1.596500e-01	1.704206e-01
CP021827.1	.	1009630	0	T	G	0.061	2.605114e-01	2.620518e-01	-6.067644e+01	1.858299e+00	1.000000e+05	3.252544e-01	2.907004e-01	2.988159e-01
CP021827.1	.	1010097	2	T	C	0.489	-2.034078e-01	1.411123e-01	-5.993792e+01	2.108760e+00	1.000000e+05	1.560847e-01	1.073098e-01	1.186914e-01
CP021827.1	.	1010789	3	T	C	0.326	2.981875e-02	1.541968e-01	-6.111716e+01	1.948196e+00	1.000000e+05	8.474938e-01	6.278978e-01	6.305578e-01
CP021827.1	.	1010932	2	C	T	0.383	5.329180e-03	1.447789e-01	-6.121422e+01	1.884598e+00	1.000000e+05	9.707931e-01	8.398907e-01	8.407953e-01
CP021827.1	.	1011310	1	C	T	0.188	2.312230e-01	1.739179e-01	-6.008437e+01	2.396566e+00	1.000000e+05	1.901017e-01	1.293322e-01	1.405322e-01
CP021827.1	.	1011356	0	A	G	0.184	2.703305e-02	1.815673e-01	-6.118866e+01	1.858573e+00	1.000000e+05	8.822797e-01	7.617493e-01	7.631950e-01
CP021827.1	.	1013618	0	C	G	0.367	1.127896e-01	1.478610e-01	-6.098105e+01	1.690235e+00	1.000000e+05	4.493894e-01	4.763780e-01	4.810269e-01
CP021827.1	.	1014176	0	G	A	0.102	-2.132157e-01	2.184959e-01	-6.066430e+01	1.987957e+00	1.000000e+05	3.341428e-01	2.855160e-01	2.937411e-01
CP021827.1	.	1014317	1	T	C	0.438	8.191748e-02	1.400139e-01	-6.122019e+01	1.510435e+00	1.000000e+05	5.613012e-01	8.650942e-01	8.658429e-01
CP021827.1	.	1014371	0	T	C	0.367	-1.548930e-01	1.440361e-01	-6.050385e+01	1.967992e+00	1.000000e+05	2.876958e-01	2.266825e-01	2.361573e-01
CP021827.1	.	1014386	2	C	A	0.255	-4.382107e-02	1.654464e-01	-6.119640e+01	1.885007e+00	1.000000e+05	7.922711e-01	7.821832e-01	7.834777e-01
CP021827.1	.	1014455	2	T	C	0.362	1.221941e-01	1.462548e-01	-6.038518e+01	2.350610e+00	1.000000e+05	4.076704e-01	1.924326e-01	2.026055e-01
CP021827.1	.	1014461	0	A	G	0.286	-2.987372e-03	1.527728e-01	-6.112351e+01	1.875793e+00	1.000000e+05	9.844817e-01	6.373473e-01	6.399068e-01
CP021827.1	.	1084966	2	G	A	0.383	-1.729487e-02	1.409129e-01	-6.103716e+01	1.899516e+00	1.000000e+05	9.028407e-01	5.297239e-01	5.335871e-01
CP021827.1	.	1133218	2	G	T	0.021	-3.044853e-02	4.296992e-01	-6.123368e+01	1.712190e+00	1.000000e+05	9.438098e-01	9.653402e-01	9.655247e-01
CP021827.1	.	1173412	0	C	CGT	0.041	-8.217700e-02	3.634086e-01	-6.122966e+01	1.931801e+00	1.000000e+05	8.220821e-01	9.206210e-01	9.210488e-01
CP021827.1	.	1173420	1	C	G	0.062	1.052588e-01	2.924651e-01	-6.118898e+01	1.826006e+00	1.000000e+05	7.205326e-01	7.625569e-01	7.639964e-01
CP021827.1	.	1173432	2	G	A	0.064	3.032718e-01	3.067837e-01	-6.066647e+01	1.864332e+00	1.000000e+05	3.279442e-01	2.864359e-01	2.946415e-01
CP021827.1	.	1173452	3	G	C	0.109	2.700883e-01	2.416917e-01	-6.073621e+01	1.632745e+00	1.000000e+05	2.694643e-01	3.180781e-01	3.256220e-01
CP021827.1	.	1189635	4	C	G	0.467	2.142476e-01	1.383242e-01	-6.006495e+01	1.745577e+00	1.000000e+05	1.281184e-01	1.261417e-01	1.373764e-01
CP021827.1	.	1199494	0	A	C	0.122	-9.238797e-02	2.118766e-01	-6.052719e+01	2.267356e+00	1.000000e+05	6.647996e-01	2.342487e-01	2.435642e-01
CP021827.1	.	1199501	0	T	C	0.102	9.028310e-02	2.326921e-01	-6.111365e+01	1.609274e+00	1.000000e+05	6.997723e-01	6.228069e-01	6.255221e-01
CP021827.1	.	1199524	0	T	G	0.082	-1.103155e-01	2.490149e-01	-6.073919e+01	2.113137e+00	1.000000e+05	6.597926e-01	3.195300e-01	3.270440e-01
CP021827.1	.	1199746	0	GAA	G	0.163	4.632222e-01	1.815451e-01	-5.875444e+01	1.103421e+00	1.000000e+05	1.403726e-02	2.593460e-02	3.493491e-02
CP021827.1	.	1200993	0	A	C	0.204	3.050130e-01	1.798190e-01	-5.956026e+01	2.024274e+00	1.000000e+05	9.645867e-02	6.725693e-02	7.842068e-02
CP021827.1	.	1201056	0	G	T	0.224	2.670307e-02	1.780598e-01	-6.122990e+01	1.890968e+00	1.000000e+05	8.814325e-01	9.225590e-01	9.229761e-01
CP021827.1	.	1201085	1	A	G	0.104	2.832423e-01	2.395659e-01	-6.075316e+01	1.565803e+00	1.000000e+05	2.430279e-01	3.264494e-01	3.338215e-01
CP021827.1	.	1201804	0	C	G	0.041	-3.193387e-02	3.408727e-01	-6.123075e+01	1.860374e+00	1.000000e+05	9.257595e-01	9.298718e-01	9.302485e-01
CP021827.1	.	1202172	1	A	G	0.500	-1.987280e-01	1.393763e-01	-6.088756e+01	1.429572e+00	1.000000e+05	1.605234e-01	4.047622e-01	4.106205e-01
CP021827.1	.	1202352	3	A	G	0.391	-1.046554e-01	1.464482e-01	-6.094689e+01	1.890859e+00	1.000000e+05	4.783759e-01	4.480968e-01	4.532021e-01
CP021827.1	.	1202379	4	G	A	0.200	1.454817e-01	1.773481e-01	-6.044271e+01	2.215193e+00	1.000000e+05	4.161765e-01	2.082088e-01	2.180662e-01
CP021827.1	.	1202439	1	A	G	0.354	-2.183787e-02	1.477160e-01	-6.119637e+01	1.844385e+00	1.000000e+05	8.831039e-01	7.820873e-01	7.833824e-01
CP021827.1	.	1202965	2	T	C	0.277	1.252332e-02	1.608601e-01	-6.110527e+01	1.848336e+00	1.000000e+05	9.382761e-01	6.110022e-01	6.138483e-01
CP021827.1	.	1236030	1	C	A	0.396	1.532457e-01	1.400352e-01	-6.052366e+01	1.813764e+00	1.000000e+05	2.793841e-01	2.330865e-01	2.424266e-01
CP021827.1	.	1236099	1	C	G	0.375	-1.291117e-01	1.433485e-01	-6.039661e+01	2.234351e+00	1.000000e+05	3.723484e-01	1.954539e-01	2.055674e-01
CP021827.1	.	1236257	2	C	T	0.170	1.648086e-01	1.865390e-01	-6.090345e+01	1.848524e+00	1.000000e+05	3.814593e-01	4.157308e-01	4.213925e-01
CP021827.1	.	1236319	1	C	G	0.083	-1.880478e-01	2.432082e-01	-6.097746e+01	1.922985e+00	1.000000e+05	4.432773e-01	4.732689e-01	4.779667e-01
CP021827.1	.	1236609	3	C	G	0.109	1.228119e-01	2.200994e-01	-6.123456e+01	1.573714e+00	1.000000e+05	5.795038e-01	9.910022e-01	9.910500e-01
CP021827.1	.	1236666	0	C	G	0.061	3.949587e-01	3.087552e-01	-6.104896e+01	1.292614e+00	1.000000e+05	2.071074e-01	5.422824e-01	5.459746e-01
CP021827.1	.	1236699	0	G	A	0.143	5.064559e-02	2.024091e-01	-6.118537e+01	1.739334e+00	1.000000e+05	8.035124e-01	7.536182e-01	7.551262e-01
CP021827.1	.	1236845	4	G	A	0.444	9.602245e-02	1.398740e-01	-6.121513e+01	1.657963e+00	1.000000e+05	4.957755e-01	8.434583e-01	8.443404e-01
CP021827.1	.	1236872	1	G	C	0.375	2.704241e-01	1.424199e-01	-6.000129e+01	1.564882e+00	1.000000e+05	6.374192e-02	1.162848e-01	1.276098e-01
CP021827.1	.	1237036	3	G	C	0.326	1.094102e-01	1.479623e-01	-6.014485e+01	2.466158e+00	1.000000e+05	4.633132e-01	1.398554e-01	1.509251e-01
CP021827.1	.	1237194	1	C	A	0.375	-1.302065e-02	1.441596e-01	-6.123446e+01	1.873799e+00	1.000000e+05	9.284159e-01	9.853445e-01	9.854223e-01
CP021827.1	.	1237501	1	T	G	0.104	2.611064e-02	2.214230e-01	-6.118421e+01	1.851664e+00	1.000000e+05	9.066320e-01	7.508426e-01	7.523721e-01
CP021827.1	.	1238223	0	A	G	0.061	7.077255e-02	3.045867e-01	-6.122576e+01	1.817397e+00	1.000000e+05	8.172703e-01	8.940602e-01	8.946383e-01
CP021827.1	.	1238263	1	C	A	0.042	8.886216e-02	3.698174e-01	-6.121985e+01	1.791334e+00	1.000000e+05	8.111531e-01	8.634993e-01	8.642577e-01
CP021827.1	.	1238283	2	G	C	0.085	-1.780491e-01	2.758083e-01	-6.066530e+01	2.329761e+00	1.000000e+05	5.217076e-01	2.859394e-01	2.941555e-01
CP021827.1	.	1238301	3	A	G	0.109	-8.560245e-02	2.364413e-01	-6.094550e+01	2.077718e+00	1.000000e+05	7.189410e-01	4.469972e-01	4.521209e-01
CP021827.1	.	1238313	0	T	G	0.204	5.979385e-02	1.910923e-01	-6.108970e+01	2.004064e+00	1.000000e+05	7.557367e-01	5.903134e-01	5.933988e-01
CP021827.1	.	1238319	1	T	C	0.250	1.691540e-01	1.751706e-01	-6.074094e+01	1.890624e+00	1.000000e+05	3.391607e-01	3.203884e-01	3.278847e-01
CP021827.1	.	1238322	0	C	A	0.204	-1.634775e-01	1.810472e-01	-6.066817e+01	2.177788e+00	1.000000e+05	3.711545e-01	2.871576e-01	2.953480e-01
CP021827.1	.	1238349	0	G	C	0.367	1.911101e-01	1.457008e-01	-6.032946e+01	1.952311e+00	1.000000e+05	1.960057e-01	1.784687e-01	1.889079e-01
CP021827.1	.	1238355	3	G	C	0.283	7.615960e-02	1.624503e-01	-6.120998e+01	1.807655e+00	1.000000e+05	6.413671e-01	8.243133e-01	8.253183e-01
CP021827.1	.	1238379	0	T	C	0.082	6.131740e-02	2.732603e-01	-6.119863e+01	1.882080e+00	1.000000e+05	8.234250e-01	7.884582e-01	7.897077e-01
CP021827.1	.	1238395	3	G	C	0.065	1.041705e-01	3.005967e-01	-6.122128e+01	1.796088e+00	1.000000e+05	7.304794e-01	8.702095e-01	8.709275e-01
CP021827.1	.	1238403	3	G	C	0.174	1.662463e-01	1.986226e-01	-6.110051e+01	1.647499e+00	1.000000e+05	4.068307e-01	6.045229e-01	6.074426e-01
CP021827.1	.	1238424	1	C	T	0.146	1.005884e-01	2.095938e-01	-6.119600e+01	1.789898e+00	1.000000e+05	6.335099e-01	7.810744e-01	7.823769e-01
CP021827.1	.	1238425	2	A	C	0.128	1.132297e-01	2.177291e-01	-6.115427e+01	1.785607e+00	1.000000e+05	6.054709e-01	6.885051e-01	6.905620e-01
CP021827.1	.	1238532	1	C	A	0.438	1.930586e-01	1.401288e-01	-5.982239e+01	2.413542e+00	1.000000e+05	1.748138e-01	9.283775e-02	1.042451e-01
CP021827.1	.	1238748	3	C	A	0.065	-4.038298e-02	2.756479e-01	-6.109161e+01	1.859233e+00	1.000000e+05	8.841517e-01	5.927823e-01	5.958385e-01
CP021827.1	.	1238771	0	CGG	C	0.306	-1.136398e-02	1.515948e-01	-6.118889e+01	1.913838e+00	1.000000e+05	9.405624e-01	7.623268e-01	7.637681e-01
CP021827.1	.	1238774	2	CAG	C	0.447	-1.460506e-01	1.392840e-01	-6.001847e+01	2.318915e+00	1.000000e+05	2.997330e-01	1.188579e-01	1.301619e-01
CP021827.1	.	1238784	2	T	C	0.213	-1.030587e-02	1.762474e-01	-6.099434e+01	1.930107e+00	1.000000e+05	9.536190e-01	4.881618e-01	4.926288e-01
CP021827.1	.	1238814	4	G	T	0.133	1.253013e-02	2.096975e-01	-6.116569e+01	1.850617e+00	1.000000e+05	9.526054e-01	7.104000e-01	7.122618e-01
CP021827.1	.	1251680	0	A	G	0.122	3.724432e-01	2.002777e-01	-6.020699e+01	1.297522e+00	1.000000e+05	6.920290e-02	1.516815e-01	1.625798e-01
CP021827.1	.	1251716	0	A	G	0.102	-5.881874e-02	2.339420e-01	-6.098346e+01	2.006061e+00	1.000000e+05	8.025820e-01	4.784761e-01	4.830923e-01
CP021827.1	.	1251722	0	A	G	0.163	-8.098138e-02	1.911133e-01	-6.093262e+01	2.031209e+00	1.000000e+05	6.736922e-01	4.370546e-01	4.423457e-01
CP021827.1	.	1251737	1	A	G	0.083	-1.906539e-01	2.568207e-01	-6.062681e+01	2.195963e+00	1.000000e+05	4.615624e-01	2.702202e-01	2.787703e-01
CP021827.1	.	1251743	1	G	A	0.062	9.772427e-02	2.913351e-01	-6.123459e+01	1.773057e+00	1.000000e+05	7.387890e-01	9.935815e-01	9.936155e-01
CP021827.1	.	1251808	2	C	T	0.447	1.295361e-01	1.378960e-01	-6.050518e+01	2.239780e+00	1.000000e+05	3.523409e-01	2.271074e-01	2.365733e-01
CP021827.1	.	1251859	2	G	C	0.128	-1.925650e-01	2.161999e-01	-6.069706e+01	2.210861e+00	1.000000e+05	3.776377e-01	2.997913e-01	3.077155e-01
CP021827.1	.	1272656	0	A	C	0.082	1.597029e-01	2.641376e-01	-6.090064e+01	1.948041e+00	1.000000e+05	5.483394e-01	4.137614e-01	4.194581e-01
CP021828.1	.	162459	4	AAAGT	A	0.289	-2.604803e-01	1.825163e-01	-5.945110e+01	3.411909e+00	1.000000e+05	1.601436e-01	5.893713e-02	6.990312e-02
CP021828.1	.	164965	0	C	CCG	0.306	2.111399e-01	1.532351e-01	-6.021333e+01	1.919943e+00	1.000000e+05	1.747652e-01	1.529501e-01	1.638286e-01
CP021828.1	.	168101	0	G	GT	0.020	1.178267e-01	4.555643e-01	-6.123457e+01	1.747310e+00	1.000000e+05	7.970431e-01	9.914587e-01	9.915040e-01
CP021828.1	.	189160	2	A	G	0.021	-4.412858e-01	4.919647e-01	-6.036903e+01	2.308587e+00	1.000000e+05	3.742977e-01	1.882601e-01	1.985140e-01
CP021828.1	.	195354	0	G	GCA	0.041	8.379356e-01	3.486817e-01	-5.825998e+01	2.012515e+00	1.000000e+05	2.025382e-02	1.472324e-02	2.210748e-02
CP021828.1	.	195381	0	A	G	0.020	-1.214691e-01	4.845275e-01	-6.122989e+01	1.830874e+00	1.000000e+05	8.031419e-01	9.224686e-01	9.228862e-01
CP021828.1	.	220772	1	C	CTT	0.062	3.201446e-01	2.863270e-01	-6.086795e+01	1.595573e+00	1.000000e+05	2.692033e-01	3.918023e-01	3.978981e-01
CP021828.1	.	225129	0	T	C	0.020	9.874722e-01	4.976507e-01	-5.946606e+01	1.745636e+00	1.000000e+05	5.308225e-02	6.000959e-02	7.100540e-02
CP021828.1	.	225887	0	A	T	0.020	-1.707644e-01	4.297370e-01	-6.121998e+01	1.641268e+00	1.000000e+05	6.928939e-01	8.640995e-01	8.648542e-01
CP021828.1	.	225895	3	C	A	0.022	-4.297999e-01	4.105297e-01	-6.060635e+01	1.669987e+00	1.000000e+05	3.004818e-01	2.623070e-01	2.710258e-01
CP021828.1	.	225933	0	G	GGC	0.082	-2.345073e-01	2.606195e-01	-6.069821e+01	2.192280e+00	1.000000e+05	3.728102e-01	3.003073e-01	3.082207e-01
CP021828.1	.	227899	0	A	C	0.020	7.981432e-01	4.385866e-01	-5.972758e+01	1.640491e+00	1.000000e+05	7.516047e-02	8.254365e-02	9.390644e-02
CP021828.1	.	227901	0	G	T	0.041	-3.881228e-01	3.208942e-01	-6.093014e+01	1.305946e+00	1.000000e+05	2.325182e-01	4.351768e-01	4.404999e-01
CP021828.1	.	245493	0	GGC	G	0.041	2.133909e-01	3.245520e-01	-6.054169e+01	2.068051e+00	1.000000e+05	5.140709e-01	2.391030e-01	2.483158e-01
CP021828.1	.	245841	1	GT	G	0.375	-1.352284e-01	1.506404e-01	-6.118562e+01	1.475408e+00	1.000000e+05	3.739265e-01	7.542266e-01	7.557298e-01
CP021828.1	.	247174	1	T	C	0.104	1.029277e-01	2.087730e-01	-6.096158e+01	1.841156e+00	1.000000e+05	6.242994e-01	4.599194e-01	4.648306e-01
CP021828.1	.	247211	0	T	G	0.367	2.785136e-03	1.474909e-01	-6.123334e+01	1.908624e+00	1.000000e+05	9.850140e-01	9.596051e-01	9.598203e-01
CP021828.1	.	247240	0	C	CT	0.449	-2.511546e-01	1.451146e-01	-5.954826e+01	1.880527e+00	1.000000e+05	9.006089e-02	6.628375e-02	7.742812e-02
CP021828.1	.	247256	0	T	C	0.429	-1.386064e-01	1.481871e-01	-6.064403e+01	1.954616e+00	1.000000e+05	3.543902e-01	2.771134e-01	2.855168e-01
CP021828.1	.	247264	0	G	T	0.020	3.832129e-01	4.685152e-01	-6.108047e+01	1.615238e+00	1.000000e+05	4.175244e-01	5.787215e-01	5.819467e-01
CP021828.1	.	247278	0	A	C	0.020	-1.010379e-01	4.598371e-01	-6.112959e+01	1.871123e+00	1.000000e+05	8.270366e-01	6.467158e-01	6.491781e-01
CP021828.1	.	249146	0	ATT	A	0.347	-1.677109e-01	1.418950e-01	-6.050458e+01	1.843996e+00	1.000000e+05	2.431767e-01	2.269172e-01	2.363871e-01
CP021828.1	.	256680	3	CG	C	0.283	1.475141e-02	1.657793e-01	-6.110242e+01	1.931362e+00	1.000000e+05	9.294742e-01	6.071036e-01	6.099939e-01
CP021828.1	.	267152	0	CG	C	0.082	1.078980e-01	2.620827e-01	-6.121449e+01	1.654730e+00	1.000000e+05	6.824347e-01	8.409766e-01	8.418744e-01
CP021828.1	.	267473	2	C	T	0.085	2.346524e-01	2.487844e-01	-6.100765e+01	1.607263e+00	1.000000e+05	3.504041e-01	5.004639e-01	5.047460e-01
CP021828.1	.	267491	0	C	G	0.041	-9.466464e-02	3.161268e-01	-6.118177e+01	1.787737e+00	1.000000e+05	7.659159e-01	7.450882e-01	7.466629e-01
CP021828.1	.	267541	3	G	GGT	0.435	-1.510325e-01	1.487118e-01	-6.108452e+01	1.448842e+00	1.000000e+05	3.150172e-01	5.837490e-01	5.869131e-01
CP021828.1	.	267546	3	C	CG	0.413	-1.545666e-01	1.514346e-01	-6.117054e+01	1.351892e+00	1.000000e+05	3.126302e-01	7.203460e-01	7.221228e-01
CP021828.1	.	268239	0	C	CGA	0.367	-1.588241e-01	1.439140e-01	-6.051065e+01	1.977747e+00	1.000000e+05	2.753833e-01	2.288582e-01	2.382874e-01
CP021828.1	.	272788	0	A	AC	0.061	1.570531e-01	2.556423e-01	-6.081337e+01	1.978709e+00	1.000000e+05	5.419487e-01	3.586790e-01	3.654061e-01
CP021828.1	.	278508	0	G	GT	0.020	9.385303e-02	4.231629e-01	-6.109433e+01	1.776751e+00	1.000000e+05	8.254387e-01	5.963131e-01	5.993278e-01
CP021828.1	.	281319	0	C	A	0.082	-1.585771e-01	2.271823e-01	-6.099266e+01	1.674668e+00	1.000000e+05	4.886059e-01	4.866483e-01	4.911384e-01
CP021828.1	.	284748	0	T	G	0.204	1.635807e-02	1.873960e-01	-6.123378e+01	1.918548e+00	1.000000e+05	9.308107e-01	9.671431e-01	9.673179e-01
CP021828.1	.	284766	1	C	A	0.292	-1.365441e-01	1.674226e-01	-6.067017e+01	2.229393e+00	1.000000e+05	4.188628e-01	2.880079e-01	2.961803e-01
CP021828.1	.	284773	1	T	C	0.354	1.035720e-01	1.614247e-01	-6.110090e+01	1.834770e+00	1.000000e+05	5.242421e-01	6.050425e-01	6.079562e-01
CP021828.1	.	284794	1	A	G	0.354	-9.909032e-02	1.610088e-01	-6.050547e+01	2.422542e+00	1.000000e+05	5.412368e-01	2.271997e-01	2.366637e-01
CP021828.1	.	284848	0	T	C	0.061	-1.316171e-01	3.036274e-01	-6.052586e+01	2.264849e+00	1.000000e+05	6.666476e-01	2.338104e-01	2.431353e-01
CP021828.1	.	284860	0	G	A	0.020	3.911832e-01	4.715455e-01	-6.110506e+01	1.609590e+00	1.000000e+05	4.109719e-01	6.107182e-01	6.135675e-01
CP021828.1	.	285106	0	C	G	0.204	3.832456e-02	1.792496e-01	-6.123457e+01	1.870113e+00	1.000000e+05	8.316235e-01	9.919150e-01	9.919579e-01
CP021828.1	.	285187	0	G	C	0.041	1.555470e-01	3.394370e-01	-6.084096e+01	2.056803e+00	1.000000e+05	6.488847e-01	3.749083e-01	3.813219e-01
CP021828.1	.	285282	2	C	T	0.043	5.733203e-01	3.445152e-01	-6.033309e+01	1.496627e+00	1.000000e+05	1.027394e-01	1.793425e-01	1.897655e-01
CP021828.1	.	285298	2	A	G	0.064	6.041578e-01	2.777317e-01	-5.921078e+01	1.606149e+00	1.000000e+05	3.466932e-02	4.423172e-02	5.462312e-02
CP021828.1	.	285301	3	A	G	0.087	5.699066e-01	2.261318e-01	-5.776934e+01	2.317537e+00	1.000000e+05	1.518225e-02	8.473481e-03	1.437103e-02
CP021828.1	.	288053	1	GCC	G	0.167	1.706383e-01	1.949824e-01	-6.075310e+01	1.800779e+00	1.000000e+05	3.859442e-01	3.264186e-01	3.337913e-01
CP021828.1	.	288056	1	A	C	0.146	2.480293e-01	2.124353e-01	-6.054340e+01	1.608659e+00	1.000000e+05	2.488767e-01	2.396854e-01	2.488859e-01
CP021828.1	.	288081	1	CGCGAGT	C	0.062	5.014884e-01	2.903734e-01	-5.984875e+01	1.437420e+00	1.000000e+05	9.072692e-02	9.594175e-02	1.073514e-01
CP021828.1	.	291191	0	C	CG	0.449	2.397772e-01	1.566024e-01	-6.032594e+01	1.288723e+00	1.000000e+05	1.324432e-01	1.776277e-01	1.880825e-01
CP021828.1	.	292665	2	TA	T	0.447	5.129037e-02	1.500429e-01	-6.104762e+01	1.925183e+00	1.000000e+05	7.339967e-01	5.408299e-01	5.445416e-01
CP021828.1	.	296579	3	T	TC	0.065	-2.094784e-01	2.667981e-01	-6.005634e+01	2.451682e+00	1.000000e+05	4.363015e-01	1.247566e-01	1.360056e-01
CP021828.1	.	297100	0	A	T	0.041	-2.588186e-01	3.248376e-01	-6.112732e+01	1.609285e+00	1.000000e+05	4.295951e-01	6.431804e-01	6.456791e-01
CP021828.1	.	297103	0	A	T	0.020	4.198294e-02	4.658322e-01	-6.123413e+01	1.828021e+00	1.000000e+05	9.285712e-01	9.748062e-01	9.749401e-01
CP021828.1	.	297736	0	A	G	0.184	1.695485e-01	1.787012e-01	-6.066271e+01	1.933659e+00	1.000000e+05	3.475847e-01	2.848432e-01	2.930825e-01
CP021828.1	.	297754	2	A	G	0.085	3.146806e-01	2.372284e-01	-6.028954e+01	1.955901e+00	1.000000e+05	1.910877e-01	1.691822e-01	1.797896e-01
CP021828.1	.	297802	1	G	A	0.021	-1.004427e-01	4.875901e-01	-6.122460e+01	1.856916e+00	1.000000e+05	8.376820e-01	8.873937e-01	8.880103e-01
CP021828.1	.	298110	0	G	C	0.224	-1.926382e-01	1.596390e-01	-6.019408e+01	2.347436e+00	1.000000e+05	2.335821e-01	1.491337e-01	1.600708e-01
CP021828.1	.	298986	0	T	C	0.020	-5.140730e-01	4.383212e-01	-6.018967e+01	2.069022e+00	1.000000e+05	2.467770e-01	1.482750e-01	1.592250e-01
CP021828.1	.	299051	2	C	T	0.043	7.876464e-03	3.509712e-01	-6.117834e+01	1.873038e+00	1.000000e+05	9.821905e-01	7.372353e-01	7.388727e-01
CP021828.1	.	300818	2	A	G	0.340	-1.454500e-02	1.446476e-01	-6.122203e+01	1.823656e+00	1.000000e+05	9.203317e-01	8.739127e-01	8.746086e-01
CP021828.1	.	301039	4	A	C	0.044	-5.919008e-03	3.518427e-01	-6.122550e+01	1.876032e+00	1.000000e+05	9.866491e-01	8.925238e-01	8.931106e-01
CP021828.1	.	301132	0	T	C	0.449	-2.174950e-03	1.400313e-01	-6.116966e+01	1.882900e+00	1.000000e+05	9.876736e-01	7.185001e-01	7.202925e-01
CP021828.1	.	301231	0	G	A	0.184	-8.502762e-02	1.818706e-01	-6.120768e+01	1.853329e+00	1.000000e+05	6.422905e-01	8.164146e-01	8.174718e-01
CP021828.1	.	301273	3	C	T	0.087	2.547769e-01	2.681661e-01	-6.086782e+01	1.659574e+00	1.000000e+05	3.469362e-01	3.917175e-01	3.978149e-01
CP021828.1	.	301297	0	A	G	0.061	3.357399e-01	3.052072e-01	-6.061947e+01	1.734201e+00	1.000000e+05	2.769176e-01	2.673478e-01	2.759591e-01
CP021828.1	.	301548	0	C	T	0.102	-2.504021e-03	2.245954e-01	-6.120435e+01	1.844307e+00	1.000000e+05	9.911517e-01	8.056460e-01	8.067758e-01
CP021828.1	.	301581	0	T	C	0.102	4.811023e-02	2.335983e-01	-6.117806e+01	1.773106e+00	1.000000e+05	8.377172e-01	7.366153e-01	7.382577e-01
CP021828.1	.	302464	0	G	T	0.061	-4.224502e-01	2.514465e-01	-5.995924e+01	1.734999e+00	1.000000e+05	9.957775e-02	1.102405e-01	1.216066e-01
CP021828.1	.	360934	0	T	C	0.020	-1.905374e-01	5.295449e-01	-6.120534e+01	1.962446e+00	1.000000e+05	7.205984e-01	8.087658e-01	8.098744e-01
CP021828.1	.	364930	2	A	G	0.043	7.514716e-02	3.327338e-01	-6.092103e+01	1.904335e+00	1.000000e+05	8.222991e-01	4.283880e-01	4.338278e-01
CP021828.1	.	364939	1	G	A	0.083	3.314577e-02	2.342863e-01	-6.118471e+01	1.821088e+00	1.000000e+05	8.880990e-01	7.520478e-01	7.535679e-01
CP021828.1	.	365005	0	G	A	0.020	1.234184e-01	4.438443e-01	-6.100148e+01	1.864947e+00	1.000000e+05	7.821806e-01	4.947008e-01	4.990688e-01
CP021828.1	.	365016	1	C	G	0.042	-9.670973e-02	3.167730e-01	-6.123283e+01	1.681768e+00	1.000000e+05	7.614882e-01	9.522423e-01	9.524971e-01
CP021828.1	.	365134	0	T	G	0.061	3.598329e-02	2.720160e-01	-6.123385e+01	1.803442e+00	1.000000e+05	8.953246e-01	9.686428e-01	9.688096e-01
CP021828.1	.	365146	1	G	A	0.104	1.931769e-01	2.244097e-01	-6.114390e+01	1.584793e+00	1.000000e+05	3.937061e-01	6.701233e-01	6.723530e-01
CP021828.1	.	365169	0	T	A	0.061	7.072405e-02	2.822230e-01	-6.122229e+01	1.835255e+00	1.000000e+05	8.032185e-01	8.751920e-01	8.758803e-01
CP021828.1	.	365170	0	T	G	0.041	3.893468e-01	3.528213e-01	-6.068092e+01	1.827873e+00	1.000000e+05	2.754178e-01	2.926480e-01	3.007224e-01
CP021828.1	.	365221	0	A	G	0.224	-1.628032e-01	1.595763e-01	-6.118569e+01	1.458218e+00	1.000000e+05	3.128463e-01	7.543999e-01	7.559018e-01
CP021828.1	.	365233	3	T	G	0.370	2.063925e-01	1.501037e-01	-6.050898e+01	1.680645e+00	1.000000e+05	1.756511e-01	2.283211e-01	2.377615e-01
CP021828.1	.	365248	2	A	G	0.191	3.368682e-01	1.762169e-01	-6.009327e+01	1.417178e+00	1.000000e+05	6.202638e-02	1.308227e-01	1.420058e-01
CP021828.1	.	365251	4	T	C	0.178	2.067524e-01	1.889699e-01	-6.087816e+01	1.556768e+00	1.000000e+05	2.794858e-01	3.984737e-01	4.044466e-01
CP021828.1	.	365254	2	A	G	0.149	8.344020e-02	2.074640e-01	-6.119148e+01	1.796197e+00	1.000000e+05	6.893666e-01	7.689469e-01	7.703384e-01
CP021828.1	.	365264	2	G	C	0.468	-2.217004e-01	1.449125e-01	-6.122645e+01	8.917359e-01	1.000000e+05	1.327467e-01	8.982302e-01	8.987843e-01
CP021828.1	.	365296	3	A	G	0.261	3.535254e-01	1.737437e-01	-5.940156e+01	1.658248e+00	1.000000e+05	4.753869e-02	5.552901e-02	6.639063e-02
CP021828.1	.	365299	1	A	G	0.354	3.120645e-01	1.475531e-01	-6.045868e+01	1.022352e+00	1.000000e+05	3.976622e-02	2.128561e-01	2.226183e-01
CP021828.1	.	365326	2	A	G	0.277	2.714179e-01	1.695869e-01	-6.038302e+01	1.480181e+00	1.000000e+05	1.161967e-01	1.918681e-01	2.020519e-01
CP021828.1	.	365329	2	G	C	0.468	1.154020e-01	1.451989e-01	-6.058320e+01	2.048589e+00	1.000000e+05	4.307334e-01	2.536953e-01	2.625977e-01
CP021828.1	.	365413	3	T	A	0.174	-4.131897e-02	1.980215e-01	-6.117620e+01	1.977267e+00	1.000000e+05	8.356161e-01	7.324870e-01	7.341630e-01
CP021828.1	.	365437	0	G	T	0.041	-1.468404e-02	3.461172e-01	-6.122592e+01	1.849035e+00	1.000000e+05	9.663396e-01	8.950046e-01	8.955772e-01
CP021828.1	.	365455	2	A	G	0.213	9.828860e-03	1.870098e-01	-6.110100e+01	1.898996e+00	1.000000e+05	9.583068e-01	6.051846e-01	6.080967e-01
CP021828.1	.	365462	2	C	G	0.191	1.944976e-01	1.981061e-01	-6.110070e+01	1.493646e+00	1.000000e+05	3.312329e-01	6.047735e-01	6.076903e-01
CP021828.1	.	365470	3	T	C	0.217	1.221636e-02	1.902838e-01	-6.123195e+01	1.937800e+00	1.000000e+05	9.490827e-01	9.416883e-01	9.420003e-01
CP021828.1	.	365473	4	C	T	0.178	1.779677e-01	2.051728e-01	-6.109758e+01	1.614386e+00	1.000000e+05	3.901279e-01	6.006020e-01	6.035668e-01
CP021828.1	.	365506	1	A	G	0.188	2.365772e-01	1.818156e-01	-6.038051e+01	1.704837e+00	1.000000e+05	1.995352e-01	1.912146e-01	2.014113e-01
CP021828.1	.	365512	0	A	G	0.347	2.294408e-01	1.476999e-01	-5.967387e+01	1.838577e+00	1.000000e+05	1.270300e-01	7.726501e-02	8.857938e-02
CP021828.1	.	365529	3	A	C	0.457	-3.907262e-02	1.533163e-01	-6.119597e+01	1.871419e+00	1.000000e+05	7.999510e-01	7.809704e-01	7.822737e-01
CP021828.1	.	365581	3	G	T	0.326	-1.240449e-01	1.612574e-01	-6.093385e+01	2.026423e+00	1.000000e+05	4.456022e-01	4.379918e-01	4.432669e-01
CP021828.1	.	365593	0	G	A	0.143	9.689626e-02	2.006183e-01	-6.089664e+01	1.983989e+00	1.000000e+05	6.313464e-01	4.109792e-01	4.167255e-01
CP021828.1	.	365602	1	A	G	0.146	-1.053750e-01	2.124893e-01	-6.103664e+01	2.024299e+00	1.000000e+05	6.222708e-01	5.291791e-01	5.330498e-01
CP021828.1	.	365605	0	T	G	0.082	7.159296e-02	2.715546e-01	-6.123151e+01	1.823206e+00	1.000000e+05	7.932090e-01	9.371469e-01	9.374836e-01
CP021828.1	.	365659	0	A	G	0.041	-2.452038e-01	3.412489e-01	-6.067909e+01	2.090882e+00	1.000000e+05	4.759764e-01	2.918479e-01	2.999392e-01
CP021828.1	.	365733	1	G	T	0.333	1.571803e-01	1.614667e-01	-6.063506e+01	1.912184e+00	1.000000e+05	3.353115e-01	2.734977e-01	2.819779e-01
CP021828.1	.	365740	2	G	A	0.255	1.132131e-03	1.838558e-01	-6.120574e+01	1.965261e+00	1.000000e+05	9.951130e-01	8.100465e-01	8.111464e-01
CP021828.1	.	365743	4	G	C	0.267	9.299458e-02	1.869737e-01	-6.117314e+01	1.809662e+00	1.000000e+05	6.212492e-01	7.258366e-01	7.275674e-01
CP021828.1	.	365766	0	T	C	0.224	-1.224865e-01	1.813603e-01	-6.081650e+01	2.165332e+00	1.000000e+05	5.027461e-01	3.604723e-01	3.671644e-01
CP021828.1	.	365781	0	T	C	0.041	2.453798e-01	3.376655e-01	-6.110675e+01	1.679943e+00	1.000000e+05	4.710168e-01	6.130629e-01	6.158859e-01
CP021828.1	.	365794	2	A	G	0.064	3.262995e-01	2.827980e-01	-6.066188e+01	1.600679e+00	1.000000e+05	2.544055e-01	2.844972e-01	2.927439e-01
CP021828.1	.	365824	4	G	C	0.044	3.288015e-01	3.657701e-01	-6.116211e+01	1.450916e+00	1.000000e+05	3.732728e-01	7.033335e-01	7.052570e-01
CP021828.1	.	365839	2	G	A	0.191	1.870331e-02	1.872776e-01	-6.121549e+01	1.885001e+00	1.000000e+05	9.208728e-01	8.449053e-01	8.457783e-01
CP021828.1	.	365881	3	C	A	0.109	-1.606997e-01	2.196265e-01	-6.095023e+01	1.846750e+00	1.000000e+05	4.679875e-01	4.507416e-01	4.558031e-01
CP021828.1	.	365899	1	C	G	0.438	-3.700173e-01	1.442378e-01	-5.724404e+01	4.405118e+00	1.000000e+05	1.355903e-02	4.726644e-03	9.267781e-03
CP021828.1	.	365931	4	C	T	0.333	-1.754591e-01	1.676374e-01	-6.017298e+01	2.689561e+00	1.000000e+05	3.006102e-01	1.450745e-01	1.560714e-01
CP021828.1	.	392642	2	A	G	0.489	-1.815092e-01	1.368180e-01	-6.083869e+01	1.557745e+00	1.000000e+05	1.910355e-01	3.735361e-01	3.799759e-01
CP021828.1	.	392819	0	G	C	0.224	4.224470e-01	1.592515e-01	-5.846505e+01	1.151905e+00	1.000000e+05	1.085570e-02	1.859556e-02	2.664524e-02
CP021828.1	.	626056	1	C	T	0.125	1.654598e-02	2.420863e-01	-6.122957e+01	1.965980e+00	1.000000e+05	9.457990e-01	9.198978e-01	9.203297e-01
CP021828.1	.	626067	0	AG	A	0.143	1.280409e-01	2.223105e-01	-6.108045e+01	1.937653e+00	1.000000e+05	5.673935e-01	5.786995e-01	5.819250e-01
CP021828.1	.	626086	1	C	T	0.167	-4.183778e-02	2.132734e-01	-6.112840e+01	2.014662e+00	1.000000e+05	8.453231e-01	6.448544e-01	6.473358e-01
CP021828.1	.	626107	3	C	T	0.217	9.889958e-02	1.860405e-01	-6.077151e+01	2.039556e+00	1.000000e+05	5.975052e-01	3.358453e-01	3.430266e-01
CP021828.1	.	626113	3	T	C	0.196	7.245057e-02	2.062620e-01	-6.098815e+01	2.009856e+00	1.000000e+05	7.269668e-01	4.826187e-01	4.871707e-01
CP021828.1	.	626140	2	C	G	0.064	-2.313728e-01	2.825853e-01	-6.053084e+01	2.160381e+00	1.000000e+05	4.170490e-01	2.354619e-01	2.447518e-01
CP021828.1	.	626152	0	G	A	0.204	-1.262261e-01	2.061035e-01	-6.103139e+01	2.101209e+00	1.000000e+05	5.431984e-01	5.237695e-01	5.277156e-01
CP021828.1	.	626167	2	C	T	0.255	-1.997785e-01	1.715081e-01	-6.094476e+01	1.746161e+00	1.000000e+05	2.499643e-01	4.464165e-01	4.515498e-01
CP021828.1	.	626170	3	C	G	0.217	-2.436614e-01	1.986821e-01	-6.051823e+01	2.131534e+00	1.000000e+05	2.261613e-01	2.313110e-01	2.406885e-01
CP021828.1	.	626221	0	C	G	0.490	-1.978826e-01	1.550042e-01	-6.064190e+01	1.641386e+00	1.000000e+05	2.080056e-01	2.762501e-01	2.846718e-01
CP021828.1	.	626227	1	T	C	0.479	2.569219e-01	1.611921e-01	-6.019854e+01	1.580564e+00	1.000000e+05	1.176651e-01	1.500085e-01	1.609324e-01
CP021828.1	.	626260	2	C	T	0.489	-3.010164e-01	1.551250e-01	-6.039810e+01	1.004744e+00	1.000000e+05	5.833389e-02	1.958498e-01	2.059555e-01
CP021828.1	.	626271	0	T	TC	0.469	4.162025e-01	1.445911e-01	-5.981902e+01	5.637971e-01	1.000000e+05	5.995883e-03	9.244859e-02	1.038554e-01
CP021828.1	.	626284	3	A	C	0.435	5.062098e-01	1.357687e-01	-5.970014e+01	1.437614e-01	1.000000e+05	5.173348e-04	7.979986e-02	9.113988e-02
CP021828.1	.	626286	3	A	C	0.457	4.108811e-01	1.499439e-01	-6.047161e+01	3.688040e-01	1.000000e+05	8.651694e-03	2.167087e-01	2.263914e-01
CP021828.1	.	626293	0	T	C	0.388	4.133977e-01	1.571842e-01	-6.022510e+01	5.588502e-01	1.000000e+05	1.150544e-02	1.553360e-01	1.661768e-01
CP021828.1	.	626298	1	C	T	0.438	1.750786e-01	1.690926e-01	-6.123444e+01	1.168155e+00	1.000000e+05	3.057799e-01	9.847276e-01	9.848086e-01
CP021828.1	.	626305	2	A	G	0.383	3.434527e-01	1.603305e-01	-6.109752e+01	5.013205e-01	1.000000e+05	3.739267e-02	6.005195e-01	6.034853e-01
CP021828.1	.	626308	1	G	T	0.396	3.681010e-01	1.438851e-01	-6.105392e+01	2.610205e-01	1.000000e+05	1.380126e-02	5.477256e-01	5.513454e-01
CP021828.1	.	661775	1	C	T	0.208	6.977993e-02	1.710397e-01	-6.103071e+01	1.931167e+00	1.000000e+05	6.851446e-01	5.230780e-01	5.270338e-01
CP021828.1	.	897897	1	T	C	0.021	-3.930198e-02	4.867632e-01	-6.120173e+01	1.895125e+00	1.000000e+05	9.359904e-01	7.975860e-01	7.987714e-01
CP021828.1	.	898518	0	G	C	0.041	2.275057e-01	3.330681e-01	-6.107975e+01	1.743619e+00	1.000000e+05	4.979219e-01	5.778336e-01	5.810697e-01
CP021828.1	.	911042	0	A	T	0.020	2.007748e-01	4.497822e-01	-6.043285e+01	2.137077e+00	1.000000e+05	6.573711e-01	2.054014e-01	2.153157e-01
CP021828.1	.	994802	1	C	T	0.062	4.621125e-01	2.647891e-01	-5.880271e+01	3.133945e+00	1.000000e+05	8.748388e-02	2.742529e-02	3.658234e-02
CP021828.1	.	994803	0	A	C	0.061	3.487773e-01	2.538978e-01	-6.019611e+01	2.002475e+00	1.000000e+05	1.760544e-01	1.495318e-01	1.604629e-01
CP021828.1	.	995452	0	T	C	0.041	7.158567e-02	3.501085e-01	-6.108670e+01	1.732453e+00	1.000000e+05	8.388714e-01	5.864918e-01	5.896229e-01
CP021828.1	.	1322288	2	C	G	0.021	-3.345392e-02	5.127559e-01	-6.119671e+01	1.908550e+00	1.000000e+05	9.482570e-01	7.830458e-01	7.843341e-01
CP021828.1	.	1322354	0	G	A	0.041	5.188251e-01	3.727072e-01	-5.997411e+01	1.962860e+00	1.000000e+05	1.704613e-01	1.123370e-01	1.236902e-01
CP021828.1	.	1452970	0	G	T	0.020	-6.376848e-01	4.611648e-01	-5.980091e+01	2.326956e+00	1.000000e+05	1.732704e-01	9.038890e-02	1.017911e-01
CP021828.1	.	1452986	2	CA	C	0.064	4.449455e-01	2.914553e-01	-6.014431e+01	1.678640e+00	1.000000e+05	1.335542e-01	1.397577e-01	1.508287e-01
CP021828.1	.	1471780	2	G	A	0.468	-1.264931e-01	1.402766e-01	-6.061445e+01	2.099323e+00	1.000000e+05	3.717927e-01	2.654046e-01	2.740573e-01
