chr	rs	ps	n_miss	allele1	allele0	af	beta	se	logl_H1	l_remle	l_mle	p_wald	p_lrt	p_score
CP021825.1	.	10624	0	T	TCTGGCCGGACG	0.184	1.802113e-01	1.699782e-01	-6.136328e+01	1.099793e+00	1.000000e+05	2.944707e-01	6.803244e-01	6.824572e-01
CP021825.1	.	218304	0	T	C	0.020	3.946063e-01	4.386775e-01	-6.084888e+01	1.622876e+00	1.000000e+05	3.729529e-01	2.736078e-01	2.820857e-01
CP021825.1	.	526844	0	G	T	0.020	2.565347e-01	4.379382e-01	-6.121763e+01	1.531459e+00	1.000000e+05	5.608270e-01	4.971291e-01	5.014609e-01
CP021825.1	.	1038788	1	G	C	0.312	1.483916e-01	1.450910e-01	-6.136741e+01	1.146572e+00	1.000000e+05	3.116622e-01	6.877689e-01	6.898326e-01
CP021825.1	.	1038838	4	C	T	0.244	-4.575339e-04	1.663111e-01	-6.103575e+01	1.507452e+00	1.000000e+05	9.978166e-01	3.637734e-01	3.704012e-01
CP021825.1	.	1247320	0	T	C	0.020	3.404270e-01	4.274514e-01	-6.062357e+01	1.603499e+00	1.000000e+05	4.297978e-01	1.990692e-01	2.091109e-01
CP021825.1	.	1356055	0	T	TC	0.163	-6.444151e-02	1.910746e-01	-6.085368e+01	1.773540e+00	1.000000e+05	7.374236e-01	2.755360e-01	2.839729e-01
CP021825.1	.	1358090	0	G	T	0.041	-6.645336e-02	3.235011e-01	-6.139942e+01	1.464938e+00	1.000000e+05	8.381317e-01	7.548677e-01	7.563660e-01
CP021825.1	.	1358203	0	ATG	A	0.388	1.110814e-01	1.428404e-01	-6.094673e+01	1.660853e+00	1.000000e+05	4.406660e-01	3.166171e-01	3.241912e-01
CP021825.1	.	1360089	0	C	T	0.020	6.718645e-01	4.683623e-01	-6.067860e+01	1.326839e+00	1.000000e+05	1.580511e-01	2.147480e-01	2.244712e-01
CP021825.1	.	1377217	0	G	A	0.020	-2.505186e-01	4.397573e-01	-6.142172e+01	1.200867e+00	1.000000e+05	5.716113e-01	8.180965e-01	8.191426e-01
CP021825.1	.	1377263	2	G	C	0.213	-6.693662e-02	1.779753e-01	-6.139764e+01	1.447745e+00	1.000000e+05	7.085345e-01	7.505724e-01	7.521040e-01
CP021825.1	.	1377284	3	A	C	0.087	4.603187e-01	2.389569e-01	-5.918338e+01	1.730800e+00	1.000000e+05	6.011810e-02	3.331407e-02	4.300152e-02
CP021825.1	.	1377293	1	G	C	0.146	9.256820e-02	2.007784e-01	-6.141978e+01	1.397110e+00	1.000000e+05	6.468917e-01	8.116658e-01	8.127548e-01
CP021825.1	.	1377296	0	T	C	0.184	8.212415e-02	1.883892e-01	-6.143849e+01	1.499980e+00	1.000000e+05	6.648846e-01	8.893536e-01	8.899588e-01
CP021825.1	.	1377315	0	G	C	0.102	2.675233e-01	2.197756e-01	-6.102161e+01	1.350795e+00	1.000000e+05	2.295833e-01	3.556756e-01	3.624617e-01
CP021825.1	.	1377395	0	C	T	0.061	-2.778092e-02	2.646856e-01	-6.143212e+01	1.449588e+00	1.000000e+05	9.168557e-01	8.578274e-01	8.586203e-01
CP021825.1	.	1377398	0	T	C	0.020	3.518634e-01	4.763650e-01	-6.082889e+01	1.502435e+00	1.000000e+05	4.637969e-01	2.657522e-01	2.743974e-01
CP021825.1	.	1377584	2	A	G	0.106	9.530961e-02	2.278522e-01	-6.133854e+01	1.471503e+00	1.000000e+05	6.776360e-01	6.396197e-01	6.421553e-01
CP021825.1	.	1377602	1	C	T	0.125	-2.041269e-01	2.112953e-01	-6.099621e+01	1.626391e+00	1.000000e+05	3.389519e-01	3.417376e-01	3.488003e-01
CP021825.1	.	1377690	0	A	G	0.041	-4.073494e-01	3.502276e-01	-6.014502e+01	1.895436e+00	1.000000e+05	2.506606e-01	1.064405e-01	1.178261e-01
CP021825.1	.	1377704	1	A	T	0.500	-7.724088e-02	1.363122e-01	-6.108349e+01	1.593683e+00	1.000000e+05	5.736503e-01	3.930952e-01	3.991671e-01
CP021825.1	.	1377749	0	A	C	0.041	-7.134170e-02	3.156841e-01	-6.141224e+01	1.379123e+00	1.000000e+05	8.221885e-01	7.886563e-01	7.899044e-01
CP021825.1	.	1377794	0	G	C	0.082	1.063858e-02	2.305234e-01	-6.141565e+01	1.439352e+00	1.000000e+05	9.633865e-01	7.987181e-01	7.998956e-01
CP021825.1	.	1377877	2	A	G	0.128	-9.420442e-02	1.958984e-01	-6.126355e+01	1.443840e+00	1.000000e+05	6.328299e-01	5.434215e-01	5.470985e-01
CP021825.1	.	1732471	0	A	AT	0.061	-3.379581e-01	3.071944e-01	-6.048909e+01	1.881734e+00	1.000000e+05	2.768723e-01	1.660609e-01	1.767229e-01
CP021825.1	.	1732500	1	G	A	0.083	-7.300309e-03	2.586231e-01	-6.144108e+01	1.530091e+00	1.000000e+05	9.776001e-01	9.052338e-01	9.057480e-01
CP021825.1	.	1732515	1	T	G	0.292	2.062859e-01	1.627113e-01	-6.121716e+01	1.071790e+00	1.000000e+05	2.111132e-01	4.966879e-01	5.010262e-01
CP021825.1	.	1732521	0	G	T	0.224	1.307076e-01	1.771780e-01	-6.136047e+01	1.321818e+00	1.000000e+05	4.643526e-01	6.753659e-01	6.775454e-01
CP021825.1	.	1732545	3	A	G	0.304	5.985697e-02	1.717814e-01	-6.135237e+01	1.503268e+00	1.000000e+05	7.290595e-01	6.616030e-01	6.639156e-01
CP021825.1	.	1732551	1	T	C	0.312	-2.499786e-02	1.701053e-01	-6.136853e+01	1.631691e+00	1.000000e+05	8.837959e-01	6.898322e-01	6.918770e-01
CP021825.1	.	1732566	2	C	A	0.404	8.153262e-02	1.468823e-01	-6.116707e+01	1.524543e+00	1.000000e+05	5.814668e-01	4.533763e-01	4.583943e-01
CP021825.1	.	1732594	3	A	G	0.174	-5.124323e-02	1.872816e-01	-6.137418e+01	1.537145e+00	1.000000e+05	7.855786e-01	7.004940e-01	7.024427e-01
CP021825.1	.	1904758	0	G	C	0.041	-3.926038e-01	3.451815e-01	-6.105376e+01	1.504446e+00	1.000000e+05	2.611433e-01	3.744607e-01	3.808828e-01
CP021826.1	.	143947	0	AT	A	0.469	6.877646e-02	1.356890e-01	-6.092546e+01	1.705843e+00	1.000000e+05	6.146172e-01	3.065671e-01	3.143496e-01
CP021826.1	.	148361	3	CA	C	0.022	-3.623850e-01	4.253491e-01	-6.110004e+01	1.336432e+00	1.000000e+05	3.985508e-01	4.040470e-01	4.099183e-01
CP021827.1	.	12013	3	A	AT	0.478	6.110842e-02	1.510475e-01	-6.135299e+01	1.501923e+00	1.000000e+05	6.876332e-01	6.626252e-01	6.649278e-01
CP021827.1	.	12058	0	A	AGGG	0.469	1.504423e-02	1.442834e-01	-6.141372e+01	1.552116e+00	1.000000e+05	9.173999e-01	7.929722e-01	7.941899e-01
CP021827.1	.	16476	4	AC	A	0.467	8.155362e-02	1.459124e-01	-6.135827e+01	1.383834e+00	1.000000e+05	5.788687e-01	6.715602e-01	6.737761e-01
CP021827.1	.	74787	2	A	G	0.043	3.949056e-01	3.367285e-01	-6.056506e+01	1.443651e+00	1.000000e+05	2.467973e-01	1.838511e-01	1.941894e-01
CP021827.1	.	74828	0	G	C	0.061	6.993202e-02	2.946343e-01	-6.144163e+01	1.449719e+00	1.000000e+05	8.134154e-01	9.090048e-01	9.094976e-01
CP021827.1	.	74859	1	GC	G	0.208	1.200179e-01	1.644477e-01	-6.103077e+01	1.413119e+00	1.000000e+05	4.691196e-01	3.608943e-01	3.675782e-01
CP021827.1	.	74963	0	CG	C	0.163	1.923425e-01	1.727367e-01	-6.110183e+01	1.266485e+00	1.000000e+05	2.711556e-01	4.052560e-01	4.111053e-01
CP021827.1	.	74986	3	G	C	0.043	1.374586e-01	3.236722e-01	-6.140036e+01	1.411001e+00	1.000000e+05	6.730046e-01	7.571655e-01	7.586461e-01
CP021827.1	.	109668	0	C	G	0.082	-6.558674e-02	2.424100e-01	-6.142266e+01	1.470484e+00	1.000000e+05	7.879131e-01	8.213255e-01	8.223502e-01
CP021827.1	.	302275	3	A	AT	0.152	2.064485e-01	1.901897e-01	-6.065306e+01	1.935568e+00	1.000000e+05	2.832424e-01	2.072952e-01	2.171711e-01
CP021827.1	.	322944	0	C	T	0.061	-7.183374e-01	2.803183e-01	-5.702915e+01	3.053559e+00	1.000000e+05	1.365333e-02	2.950177e-03	6.580860e-03
CP021827.1	.	322957	0	T	C	0.082	-3.300372e-01	2.351140e-01	-6.048860e+01	1.646173e+00	1.000000e+05	1.669716e-01	1.659536e-01	1.766174e-01
CP021827.1	.	352369	0	G	C	0.061	3.793382e-01	2.869492e-01	-6.100120e+01	1.200000e+00	1.000000e+05	1.925763e-01	3.444162e-01	3.514254e-01
CP021827.1	.	352549	0	C	T	0.163	3.423670e-01	1.725785e-01	-5.966117e+01	1.242562e+00	1.000000e+05	5.313218e-02	5.869151e-02	6.965047e-02
CP021827.1	.	352609	0	G	A	0.122	2.296777e-01	1.951701e-01	-6.111885e+01	1.301066e+00	1.000000e+05	2.451978e-01	4.170427e-01	4.226811e-01
CP021827.1	.	359548	0	C	A	0.224	3.839730e-01	1.607821e-01	-6.091247e+01	3.998256e-01	1.000000e+05	2.100334e-02	3.006334e-01	3.085400e-01
CP021827.1	.	359571	1	G	A	0.354	2.457742e-01	1.465358e-01	-6.142760e+01	6.066746e-01	1.000000e+05	1.001370e-01	8.392741e-01	8.401826e-01
CP021827.1	.	359578	0	G	T	0.388	1.809758e-01	1.403127e-01	-6.138936e+01	8.609467e-01	1.000000e+05	2.034297e-01	7.316333e-01	7.333162e-01
CP021827.1	.	387590	0	C	G	0.020	-5.136449e-01	4.242692e-01	-5.982526e+01	1.744955e+00	1.000000e+05	2.320796e-01	7.160656e-02	8.284616e-02
CP021827.1	.	392984	0	ACC	A	0.020	-4.351991e-01	4.597902e-01	-6.071109e+01	1.756931e+00	1.000000e+05	3.487263e-01	2.246920e-01	2.342086e-01
CP021827.1	.	399746	1	C	A	0.146	2.094170e-01	1.860352e-01	-6.144756e+01	9.704038e-01	1.000000e+05	2.660145e-01	9.723743e-01	9.725211e-01
CP021827.1	.	418234	0	T	G	0.020	-3.418288e-01	4.300876e-01	-6.108683e+01	1.295804e+00	1.000000e+05	4.307317e-01	3.952677e-01	4.012994e-01
CP021827.1	.	431565	0	G	C	0.041	-3.180204e-01	3.491712e-01	-6.111985e+01	1.570415e+00	1.000000e+05	3.670555e-01	4.177562e-01	4.233820e-01
CP021827.1	.	431583	1	T	C	0.062	-1.201856e-01	2.879151e-01	-6.143057e+01	1.405413e+00	1.000000e+05	6.782617e-01	8.512040e-01	8.520377e-01
CP021827.1	.	431631	3	C	A	0.065	-5.590747e-01	2.766114e-01	-5.980927e+01	1.562510e+00	1.000000e+05	4.897996e-02	7.022343e-02	8.144075e-02
CP021827.1	.	431663	3	G	A	0.348	-2.020568e-01	1.438386e-01	-6.069575e+01	1.299815e+00	1.000000e+05	1.666713e-01	2.199287e-01	2.295446e-01
CP021827.1	.	431703	0	C	G	0.408	-6.264556e-02	1.413854e-01	-6.127357e+01	1.541976e+00	1.000000e+05	6.597381e-01	5.545735e-01	5.581035e-01
CP021827.1	.	431760	4	C	G	0.356	-1.165938e-01	1.457221e-01	-6.110455e+01	1.547044e+00	1.000000e+05	4.276723e-01	4.071079e-01	4.129238e-01
CP021827.1	.	431808	0	C	T	0.102	2.367948e-01	2.143296e-01	-6.055305e+01	1.562038e+00	1.000000e+05	2.748632e-01	1.808974e-01	1.912914e-01
CP021827.1	.	431838	0	A	C	0.041	1.124439e-01	3.317797e-01	-6.131964e+01	1.509405e+00	1.000000e+05	7.361862e-01	6.121502e-01	6.149834e-01
CP021827.1	.	431967	3	G	T	0.087	5.263649e-02	2.381295e-01	-6.135796e+01	1.475181e+00	1.000000e+05	8.260176e-01	6.710221e-01	6.732432e-01
CP021827.1	.	431968	4	C	T	0.044	6.037529e-02	3.195887e-01	-6.138370e+01	1.449237e+00	1.000000e+05	8.509724e-01	7.195381e-01	7.213217e-01
CP021827.1	.	432981	0	C	A	0.020	-4.715227e-01	4.627537e-01	-6.099338e+01	1.455981e+00	1.000000e+05	3.134435e-01	3.402290e-01	3.473220e-01
CP021827.1	.	444780	0	C	A	0.041	-3.023503e-02	3.248055e-01	-6.144053e+01	1.438200e+00	1.000000e+05	9.262305e-01	9.016396e-01	9.021742e-01
CP021827.1	.	452198	1	AG	A	0.125	4.982291e-02	1.964997e-01	-6.137376e+01	1.486787e+00	1.000000e+05	8.009475e-01	6.996845e-01	7.016404e-01
CP021827.1	.	471937	1	C	CT	0.271	-4.692615e-01	1.422641e-01	-5.861953e+01	3.907208e-01	1.000000e+05	1.857784e-03	1.738317e-02	2.523961e-02
CP021827.1	.	551651	0	T	G	0.020	-3.259650e-01	4.214736e-01	-6.114802e+01	1.342411e+00	1.000000e+05	4.431620e-01	4.384671e-01	4.437342e-01
CP021827.1	.	554119	0	GA	G	0.429	2.164633e-01	1.321432e-01	-6.061504e+01	1.084130e+00	1.000000e+05	1.080800e-01	1.967623e-01	2.068499e-01
CP021827.1	.	556422	0	T	TC	0.143	9.721169e-02	1.942217e-01	-6.124890e+01	1.552486e+00	1.000000e+05	6.190453e-01	5.278468e-01	5.317361e-01
CP021827.1	.	586523	0	G	C	0.449	5.295057e-02	1.414921e-01	-6.131520e+01	1.305551e+00	1.000000e+05	7.099164e-01	6.060728e-01	6.089748e-01
CP021827.1	.	586570	0	A	T	0.449	-9.957787e-02	1.431937e-01	-6.118548e+01	1.555415e+00	1.000000e+05	4.902247e-01	4.685603e-01	4.733326e-01
CP021827.1	.	586637	0	A	G	0.327	3.081342e-01	1.445252e-01	-5.920947e+01	1.404282e+00	1.000000e+05	3.825925e-02	3.434622e-02	4.411405e-02
CP021827.1	.	586673	0	G	A	0.265	2.980331e-01	1.577038e-01	-6.001560e+01	1.114949e+00	1.000000e+05	6.495729e-02	9.051838e-02	1.019209e-01
CP021827.1	.	586713	0	C	CCAGATCGCAGTGCCGA	0.061	5.500554e-01	2.784281e-01	-6.062650e+01	8.601405e-01	1.000000e+05	5.409110e-02	1.998687e-01	2.098944e-01
CP021827.1	.	586790	1	G	A	0.062	2.518215e-01	2.728075e-01	-6.022060e+01	1.629588e+00	1.000000e+05	3.606833e-01	1.171410e-01	1.284593e-01
CP021827.1	.	586819	1	A	G	0.062	-1.143188e-01	3.062510e-01	-6.108670e+01	1.736598e+00	1.000000e+05	7.106149e-01	3.951847e-01	4.012180e-01
CP021827.1	.	586831	0	G	A	0.041	-5.438097e-02	3.514393e-01	-6.143544e+01	1.553374e+00	1.000000e+05	8.776906e-01	8.732678e-01	8.739676e-01
CP021827.1	.	595041	0	G	A	0.020	2.174955e-01	4.319862e-01	-6.087748e+01	1.570760e+00	1.000000e+05	6.169800e-01	2.853635e-01	2.935919e-01
CP021827.1	.	595043	0	A	C	0.020	-5.850027e-01	4.428817e-01	-6.109089e+01	1.143699e+00	1.000000e+05	1.929299e-01	3.979395e-01	4.039222e-01
CP021827.1	.	596030	1	G	GGT	0.021	-4.650344e-02	4.534859e-01	-6.102951e+01	1.506448e+00	1.000000e+05	9.187591e-01	3.601696e-01	3.668676e-01
CP021827.1	.	596707	0	C	CGCGT	0.367	-9.788541e-03	1.630452e-01	-6.133932e+01	1.620120e+00	1.000000e+05	9.523817e-01	6.408109e-01	6.433342e-01
CP021827.1	.	606298	1	T	G	0.021	2.618891e-01	4.654499e-01	-6.115306e+01	1.529671e+00	1.000000e+05	5.763419e-01	4.423418e-01	4.475435e-01
CP021827.1	.	639984	3	TTGC	T	0.109	5.996446e-02	2.357514e-01	-6.131862e+01	1.373903e+00	1.000000e+05	8.003312e-01	6.107495e-01	6.135984e-01
CP021827.1	.	640681	1	G	C	0.375	7.865823e-02	1.416578e-01	-6.133834e+01	1.426801e+00	1.000000e+05	5.813438e-01	6.393104e-01	6.418493e-01
CP021827.1	.	661801	4	G	C	0.378	-5.072858e-02	1.422059e-01	-6.122063e+01	1.557122e+00	1.000000e+05	7.228934e-01	4.999381e-01	5.042280e-01
CP021827.1	.	661862	0	C	G	0.367	4.863409e-02	1.388988e-01	-6.137389e+01	1.509253e+00	1.000000e+05	7.277975e-01	6.999291e-01	7.018828e-01
CP021827.1	.	661985	1	A	G	0.188	-4.617523e-02	1.667322e-01	-6.124882e+01	1.525627e+00	1.000000e+05	7.830387e-01	5.277668e-01	5.316571e-01
CP021827.1	.	662382	3	A	G	0.413	-2.201613e-01	1.372370e-01	-6.012046e+01	1.652916e+00	1.000000e+05	1.153605e-01	1.031983e-01	1.145962e-01
CP021827.1	.	662502	0	C	A	0.163	1.664678e-02	1.798775e-01	-6.133924e+01	1.506225e+00	1.000000e+05	9.266583e-01	6.406775e-01	6.432021e-01
CP021827.1	.	662628	0	C	T	0.082	-6.169185e-02	2.553456e-01	-6.076695e+01	1.670129e+00	1.000000e+05	8.101401e-01	2.431164e-01	2.522440e-01
CP021827.1	.	663480	0	T	G	0.041	-1.796610e-01	3.299881e-01	-6.088577e+01	1.688220e+00	1.000000e+05	5.887078e-01	2.888903e-01	2.970440e-01
CP021827.1	.	663639	0	T	C	0.041	1.287766e-02	3.356539e-01	-6.135408e+01	1.475891e+00	1.000000e+05	9.695585e-01	6.644530e-01	6.667377e-01
CP021827.1	.	702429	0	AT	A	0.347	6.748057e-02	1.619385e-01	-6.144805e+01	1.353848e+00	1.000000e+05	6.787913e-01	9.881729e-01	9.882357e-01
CP021827.1	.	703232	0	AGC	A	0.020	-5.613035e-01	4.590031e-01	-6.056294e+01	1.545661e+00	1.000000e+05	2.274734e-01	1.833265e-01	1.936747e-01
CP021827.1	.	704259	4	G	A	0.156	3.588461e-01	1.815300e-01	-6.023750e+01	1.141714e+00	1.000000e+05	5.394936e-02	1.196932e-01	1.309901e-01
CP021827.1	.	704277	0	G	A	0.082	-1.554495e-02	2.392071e-01	-6.130562e+01	1.487887e+00	1.000000e+05	9.484613e-01	5.933810e-01	5.964301e-01
CP021827.1	.	704633	0	C	G	0.204	-1.578330e-01	1.844394e-01	-6.056978e+01	2.050032e+00	1.000000e+05	3.964807e-01	1.850277e-01	1.953436e-01
CP021827.1	.	705509	1	C	T	0.229	2.098771e-01	1.647219e-01	-6.035302e+01	1.463057e+00	1.000000e+05	2.088816e-01	1.388840e-01	1.499666e-01
CP021827.1	.	707585	0	C	A	0.265	4.996776e-02	1.595256e-01	-6.118109e+01	1.347548e+00	1.000000e+05	7.554939e-01	4.648654e-01	4.696968e-01
CP021827.1	.	707754	1	G	A	0.167	-1.166937e-01	1.760331e-01	-6.089221e+01	1.662888e+00	1.000000e+05	5.106279e-01	2.916653e-01	2.997605e-01
CP021827.1	.	707844	4	A	C	0.444	-1.323638e-01	1.430228e-01	-6.063841e+01	1.771759e+00	1.000000e+05	3.594476e-01	2.031598e-01	2.131195e-01
CP021827.1	.	708071	2	T	C	0.149	-2.343351e-01	1.800466e-01	-6.126613e+01	1.143398e+00	1.000000e+05	1.994228e-01	5.462580e-01	5.498972e-01
CP021827.1	.	708380	1	T	G	0.208	6.795746e-02	1.661617e-01	-6.140007e+01	1.444253e+00	1.000000e+05	6.844092e-01	7.564415e-01	7.579277e-01
CP021827.1	.	708434	1	G	A	0.479	1.645343e-01	1.442663e-01	-6.060525e+01	1.722284e+00	1.000000e+05	2.598605e-01	1.941512e-01	2.042903e-01
CP021827.1	.	708442	1	G	A	0.479	1.617820e-01	1.432061e-01	-6.040228e+01	1.804475e+00	1.000000e+05	2.643293e-01	1.480943e-01	1.590470e-01
CP021827.1	.	708476	1	T	C	0.333	8.315697e-03	1.474594e-01	-6.144626e+01	1.512737e+00	1.000000e+05	9.552677e-01	9.507799e-01	9.510426e-01
CP021827.1	.	708524	3	T	A	0.109	2.467505e-01	2.329191e-01	-6.075188e+01	1.379729e+00	1.000000e+05	2.948395e-01	2.379711e-01	2.472079e-01
CP021827.1	.	735678	0	T	A	0.020	-2.544623e-01	4.355538e-01	-6.143981e+01	1.260494e+00	1.000000e+05	5.618614e-01	8.971721e-01	8.977323e-01
CP021827.1	.	735689	1	G	C	0.021	-9.948060e-02	4.257862e-01	-6.144343e+01	1.334291e+00	1.000000e+05	8.162793e-01	9.224576e-01	9.228753e-01
CP021827.1	.	770043	1	A	G	0.042	-3.156820e-01	3.766969e-01	-6.081019e+01	1.826222e+00	1.000000e+05	4.062574e-01	2.586539e-01	2.674505e-01
CP021827.1	.	770137	3	C	T	0.413	-2.293035e-02	1.464154e-01	-6.144775e+01	1.512883e+00	1.000000e+05	8.762218e-01	9.769612e-01	9.770835e-01
CP021827.1	.	773282	1	T	C	0.250	-9.008086e-02	1.567643e-01	-6.129035e+01	1.598692e+00	1.000000e+05	5.682847e-01	5.742448e-01	5.775251e-01
CP021827.1	.	773324	2	C	T	0.191	-2.020449e-01	1.799998e-01	-6.028729e+01	1.905303e+00	1.000000e+05	2.673630e-01	1.275758e-01	1.387953e-01
CP021827.1	.	773342	0	G	A	0.143	-1.243135e-01	2.018024e-01	-6.136921e+01	1.553396e+00	1.000000e+05	5.408562e-01	6.910850e-01	6.931183e-01
CP021827.1	.	774022	0	A	T	0.061	5.022067e-01	2.661625e-01	-6.050603e+01	1.009934e+00	1.000000e+05	6.536701e-02	1.698495e-01	1.804451e-01
CP021827.1	.	777791	0	T	G	0.061	-1.865618e-02	3.182332e-01	-6.143685e+01	1.596424e+00	1.000000e+05	9.534999e-01	8.804032e-01	8.810607e-01
CP021827.1	.	778433	0	T	TC	0.061	-1.609084e-01	2.933637e-01	-6.099971e+01	1.726250e+00	1.000000e+05	5.859484e-01	3.436136e-01	3.506388e-01
CP021827.1	.	778438	1	C	T	0.083	2.276652e-01	2.672247e-01	-6.141562e+01	1.198169e+00	1.000000e+05	3.985557e-01	7.986392e-01	7.998173e-01
CP021827.1	.	778447	3	C	G	0.239	-4.472857e-02	1.699314e-01	-6.132546e+01	1.568089e+00	1.000000e+05	7.935351e-01	6.203288e-01	6.230712e-01
CP021827.1	.	778456	3	A	G	0.391	5.484572e-02	1.605001e-01	-6.137830e+01	1.579606e+00	1.000000e+05	7.340866e-01	7.085418e-01	7.104197e-01
CP021827.1	.	778462	1	G	A	0.458	-9.947689e-02	1.556399e-01	-6.094658e+01	1.758977e+00	1.000000e+05	5.258297e-01	3.165446e-01	3.241201e-01
CP021827.1	.	778468	2	T	C	0.447	-6.035776e-02	1.487595e-01	-6.128880e+01	1.559788e+00	1.000000e+05	6.867745e-01	5.723682e-01	5.756718e-01
CP021827.1	.	778492	0	G	A	0.184	-3.081908e-02	1.741425e-01	-6.140645e+01	1.413773e+00	1.000000e+05	8.602876e-01	7.727137e-01	7.740772e-01
CP021827.1	.	778502	4	A	G	0.200	-1.243538e-01	1.807727e-01	-6.134325e+01	1.363788e+00	1.000000e+05	4.948960e-01	6.469083e-01	6.493686e-01
CP021827.1	.	778510	4	G	C	0.289	-2.046296e-01	1.581078e-01	-6.068038e+01	1.403185e+00	1.000000e+05	2.019055e-01	2.152790e-01	2.249913e-01
CP021827.1	.	793546	0	G	A	0.082	1.718965e-01	2.522419e-01	-6.144338e+01	1.261433e+00	1.000000e+05	4.989155e-01	9.220538e-01	9.224737e-01
CP021827.1	.	793560	0	C	G	0.163	3.574197e-01	1.867655e-01	-6.081831e+01	8.170961e-01	1.000000e+05	6.175502e-02	2.617069e-01	2.704385e-01
CP021827.1	.	793567	1	G	C	0.167	4.685917e-01	1.872582e-01	-5.978673e+01	7.287743e-01	1.000000e+05	1.587264e-02	6.832282e-02	7.950676e-02
CP021827.1	.	793579	2	A	G	0.149	5.225242e-01	1.928878e-01	-6.057713e+01	4.301739e-01	1.000000e+05	9.386965e-03	1.868775e-01	1.971580e-01
CP021827.1	.	793591	3	C	G	0.152	4.241015e-01	1.948645e-01	-6.109975e+01	6.077692e-01	1.000000e+05	3.458501e-02	4.038513e-01	4.097261e-01
CP021827.1	.	809071	0	C	T	0.020	-3.207856e-01	4.205105e-01	-6.075657e+01	1.520200e+00	1.000000e+05	4.493660e-01	2.395580e-01	2.487612e-01
CP021827.1	.	958334	0	C	A	0.020	6.556171e-02	4.539081e-01	-6.142973e+01	1.421828e+00	1.000000e+05	8.857720e-01	8.477414e-01	8.485967e-01
CP021827.1	.	958352	2	G	GC	0.170	-3.335720e-01	1.771343e-01	-6.118301e+01	5.834127e-01	1.000000e+05	6.587560e-02	4.664776e-01	4.712831e-01
CP021827.1	.	962653	1	T	C	0.042	2.147662e-01	3.433988e-01	-6.100287e+01	1.597140e+00	1.000000e+05	5.347249e-01	3.453168e-01	3.523080e-01
CP021827.1	.	962660	0	T	C	0.041	8.260415e-01	3.211135e-01	-5.834014e+01	1.535916e+00	1.000000e+05	1.331833e-02	1.265978e-02	1.962242e-02
CP021827.1	.	962668	0	A	C	0.122	3.218327e-01	2.104144e-01	-6.056191e+01	1.256605e+00	1.000000e+05	1.328392e-01	1.830710e-01	1.934241e-01
CP021827.1	.	962673	0	T	C	0.143	1.697878e-01	1.967663e-01	-6.142255e+01	1.241432e+00	1.000000e+05	3.925796e-01	8.209469e-01	8.219741e-01
CP021827.1	.	962686	0	C	A	0.388	-1.053351e-01	1.434923e-01	-6.102509e+01	1.590246e+00	1.000000e+05	4.665454e-01	3.576469e-01	3.643943e-01
CP021827.1	.	1009532	0	AT	A	0.102	-2.087706e-01	2.234956e-01	-5.997989e+01	2.146134e+00	1.000000e+05	3.550190e-01	8.659559e-02	9.798322e-02
CP021827.1	.	1009548	0	G	A	0.041	-2.354628e-02	3.442526e-01	-6.143640e+01	1.516745e+00	1.000000e+05	9.457588e-01	8.780799e-01	8.787511e-01
CP021827.1	.	1009563	0	T	C	0.061	-4.310351e-01	2.800724e-01	-5.914446e+01	2.299733e+00	1.000000e+05	1.305072e-01	3.183399e-02	4.140010e-02
CP021827.1	.	1009630	0	T	G	0.061	3.248905e-02	2.631692e-01	-6.139276e+01	1.457091e+00	1.000000e+05	9.022747e-01	7.392345e-01	7.408559e-01
CP021827.1	.	1010097	2	T	C	0.489	-5.588438e-02	1.412901e-01	-6.120243e+01	1.610084e+00	1.000000e+05	6.942420e-01	4.832735e-01	4.878154e-01
CP021827.1	.	1010789	3	T	C	0.326	1.304210e-01	1.503046e-01	-6.107617e+01	1.570010e+00	1.000000e+05	3.899613e-01	3.883886e-01	3.945479e-01
CP021827.1	.	1010932	2	C	T	0.383	4.596914e-02	1.422452e-01	-6.138728e+01	1.507444e+00	1.000000e+05	7.480012e-01	7.271306e-01	7.288507e-01
CP021827.1	.	1011310	1	C	T	0.188	-1.845531e-03	1.741661e-01	-6.126686e+01	1.488495e+00	1.000000e+05	9.915903e-01	5.470578e-01	5.506864e-01
CP021827.1	.	1011356	0	A	G	0.184	-4.711629e-02	1.783453e-01	-6.134512e+01	1.552056e+00	1.000000e+05	7.927919e-01	6.498558e-01	6.522861e-01
CP021827.1	.	1013618	0	C	G	0.367	1.090702e-01	1.452109e-01	-6.122315e+01	1.362920e+00	1.000000e+05	4.563276e-01	5.023231e-01	5.065778e-01
CP021827.1	.	1014176	0	G	A	0.102	-9.926855e-02	2.177118e-01	-6.110220e+01	1.610680e+00	1.000000e+05	6.505164e-01	4.055125e-01	4.113572e-01
CP021827.1	.	1014317	1	T	C	0.438	8.922510e-02	1.379833e-01	-6.138632e+01	1.388581e+00	1.000000e+05	5.210124e-01	7.250719e-01	7.268091e-01
CP021827.1	.	1014371	0	T	C	0.367	-1.174241e-01	1.427456e-01	-6.050062e+01	1.806065e+00	1.000000e+05	4.148834e-01	1.686294e-01	1.792466e-01
CP021827.1	.	1014386	2	C	A	0.255	-1.120585e-01	1.620653e-01	-6.090566e+01	1.645621e+00	1.000000e+05	4.926901e-01	2.975815e-01	3.055521e-01
CP021827.1	.	1014455	2	T	C	0.362	6.082381e-02	1.442465e-01	-6.094553e+01	1.683188e+00	1.000000e+05	6.751915e-01	3.160394e-01	3.236253e-01
CP021827.1	.	1014461	0	A	G	0.286	2.387589e-02	1.503323e-01	-6.110881e+01	1.573402e+00	1.000000e+05	8.744906e-01	4.100306e-01	4.157940e-01
CP021827.1	.	1084966	2	G	A	0.383	-1.774018e-01	1.367082e-01	-5.989063e+01	1.661766e+00	1.000000e+05	2.007344e-01	7.757145e-02	8.888917e-02
CP021827.1	.	1133218	2	G	T	0.021	-2.809759e-01	4.298848e-01	-6.135183e+01	1.253457e+00	1.000000e+05	5.165499e-01	6.606969e-01	6.630185e-01
CP021827.1	.	1173412	0	C	CGT	0.041	-2.368224e-02	3.559780e-01	-6.144673e+01	1.550698e+00	1.000000e+05	9.472402e-01	9.573233e-01	9.575508e-01
CP021827.1	.	1173420	1	C	G	0.062	3.417155e-02	2.877871e-01	-6.143343e+01	1.486286e+00	1.000000e+05	9.059882e-01	8.637014e-01	8.644586e-01
CP021827.1	.	1173432	2	G	A	0.064	4.640683e-01	2.925493e-01	-6.036695e+01	1.225565e+00	1.000000e+05	1.193792e-01	1.414218e-01	1.524701e-01
CP021827.1	.	1173452	3	G	C	0.109	2.857024e-01	2.338827e-01	-6.140306e+01	9.504199e-01	1.000000e+05	2.279649e-01	7.639125e-01	7.653418e-01
CP021827.1	.	1189635	4	C	G	0.467	6.481256e-02	1.396666e-01	-6.115201e+01	1.571713e+00	1.000000e+05	6.447529e-01	4.415298e-01	4.467451e-01
CP021827.1	.	1199494	0	A	C	0.122	1.847012e-02	2.079149e-01	-6.116388e+01	1.459406e+00	1.000000e+05	9.295905e-01	4.508256e-01	4.558857e-01
CP021827.1	.	1199501	0	T	C	0.102	1.734867e-01	2.272236e-01	-6.140974e+01	1.226216e+00	1.000000e+05	4.489772e-01	7.816155e-01	7.829141e-01
CP021827.1	.	1199524	0	T	G	0.082	1.685118e-01	2.435599e-01	-6.143324e+01	1.215449e+00	1.000000e+05	4.924228e-01	8.628353e-01	8.635977e-01
CP021827.1	.	1199746	0	GAA	G	0.163	4.149564e-01	1.820543e-01	-5.868276e+01	1.267787e+00	1.000000e+05	2.723355e-02	1.868457e-02	2.674796e-02
CP021827.1	.	1200993	0	A	C	0.204	1.296414e-01	1.786771e-01	-6.144199e+01	1.233800e+00	1.000000e+05	4.717046e-01	9.115308e-01	9.120095e-01
CP021827.1	.	1201056	0	G	T	0.224	8.498900e-02	1.733726e-01	-6.143386e+01	1.422317e+00	1.000000e+05	6.262659e-01	8.656862e-01	8.664314e-01
CP021827.1	.	1201085	1	A	G	0.104	2.843156e-01	2.355536e-01	-6.077720e+01	1.388643e+00	1.000000e+05	2.334679e-01	2.466943e-01	2.557458e-01
CP021827.1	.	1201804	0	C	G	0.041	-8.714610e-02	3.361170e-01	-6.108685e+01	1.583046e+00	1.000000e+05	7.965568e-01	3.952817e-01	4.013132e-01
CP021827.1	.	1202172	1	A	G	0.500	-2.187967e-02	1.407823e-01	-6.143551e+01	1.509798e+00	1.000000e+05	8.771597e-01	8.735878e-01	8.742856e-01
CP021827.1	.	1202352	3	A	G	0.391	9.775617e-02	1.439319e-01	-6.126093e+01	1.456294e+00	1.000000e+05	5.003529e-01	5.405832e-01	5.442983e-01
CP021827.1	.	1202379	4	G	A	0.200	1.898873e-01	1.736393e-01	-6.057048e+01	1.631951e+00	1.000000e+05	2.797155e-01	1.852035e-01	1.955160e-01
CP021827.1	.	1202439	1	A	G	0.354	-1.638074e-02	1.453891e-01	-6.142724e+01	1.527838e+00	1.000000e+05	9.107734e-01	8.379221e-01	8.388393e-01
CP021827.1	.	1202965	2	T	C	0.277	1.034587e-01	1.564379e-01	-6.142924e+01	1.191195e+00	1.000000e+05	5.116233e-01	8.457502e-01	8.466179e-01
CP021827.1	.	1236030	1	C	A	0.396	7.068400e-02	1.394053e-01	-6.117999e+01	1.540809e+00	1.000000e+05	6.144979e-01	4.639504e-01	4.687965e-01
CP021827.1	.	1236099	1	C	G	0.375	-1.764079e-01	1.403422e-01	-6.013066e+01	1.857959e+00	1.000000e+05	2.149704e-01	1.045319e-01	1.159252e-01
CP021827.1	.	1236257	2	C	T	0.170	1.493183e-01	1.835650e-01	-6.128055e+01	1.358858e+00	1.000000e+05	4.200701e-01	5.625917e-01	5.660184e-01
CP021827.1	.	1236319	1	C	G	0.083	-2.305694e-02	2.413313e-01	-6.130864e+01	1.517254e+00	1.000000e+05	9.242916e-01	5.973230e-01	6.003259e-01
CP021827.1	.	1236609	3	C	G	0.109	1.357210e-01	2.172721e-01	-6.144185e+01	1.305898e+00	1.000000e+05	5.352157e-01	9.105495e-01	9.110337e-01
CP021827.1	.	1236666	0	C	G	0.061	2.871148e-01	3.068187e-01	-6.130694e+01	1.265798e+00	1.000000e+05	3.541700e-01	5.951032e-01	5.981321e-01
CP021827.1	.	1236699	0	G	A	0.143	3.053016e-02	1.993621e-01	-6.141594e+01	1.463209e+00	1.000000e+05	8.789441e-01	7.995842e-01	8.007557e-01
CP021827.1	.	1236845	4	G	A	0.444	1.724146e-01	1.361899e-01	-6.135383e+01	1.168717e+00	1.000000e+05	2.117573e-01	6.640246e-01	6.663135e-01
CP021827.1	.	1236872	1	G	C	0.375	3.041877e-01	1.373557e-01	-6.001487e+01	1.047983e+00	1.000000e+05	3.167275e-02	9.043624e-02	1.018385e-01
CP021827.1	.	1237036	3	G	C	0.326	1.057846e-01	1.460399e-01	-6.082064e+01	1.687829e+00	1.000000e+05	4.724386e-01	2.625921e-01	2.713048e-01
CP021827.1	.	1237194	1	C	A	0.375	5.842051e-03	1.418640e-01	-6.127149e+01	1.520805e+00	1.000000e+05	9.673263e-01	5.522193e-01	5.557799e-01
CP021827.1	.	1237501	1	T	G	0.104	9.874173e-02	2.183155e-01	-6.123456e+01	1.530929e+00	1.000000e+05	6.531414e-01	5.133652e-01	5.174590e-01
CP021827.1	.	1238223	0	A	G	0.061	1.465435e-01	2.973441e-01	-6.143867e+01	1.416657e+00	1.000000e+05	6.244193e-01	8.904003e-01	8.909995e-01
CP021827.1	.	1238263	1	C	A	0.042	1.873047e-01	3.612996e-01	-6.142935e+01	1.409478e+00	1.000000e+05	6.065979e-01	8.461814e-01	8.470464e-01
CP021827.1	.	1238283	2	G	C	0.085	-8.391871e-02	2.677893e-01	-6.133731e+01	1.615496e+00	1.000000e+05	7.553817e-01	6.377450e-01	6.403003e-01
CP021827.1	.	1238301	3	A	G	0.109	-8.032857e-02	2.316228e-01	-6.136893e+01	1.573492e+00	1.000000e+05	7.302838e-01	6.905633e-01	6.926014e-01
CP021827.1	.	1238313	0	T	G	0.204	5.488608e-02	1.864473e-01	-6.118261e+01	1.641153e+00	1.000000e+05	7.697650e-01	4.661425e-01	4.709534e-01
CP021827.1	.	1238319	1	T	C	0.250	8.664533e-02	1.727255e-01	-6.123743e+01	1.612067e+00	1.000000e+05	6.182654e-01	5.162031e-01	5.202562e-01
CP021827.1	.	1238322	0	C	A	0.204	-1.507806e-01	1.764256e-01	-6.113889e+01	1.588839e+00	1.000000e+05	3.970853e-01	4.315870e-01	4.369717e-01
CP021827.1	.	1238349	0	G	C	0.367	-5.933223e-03	1.453280e-01	-6.140300e+01	1.522682e+00	1.000000e+05	9.676072e-01	7.637722e-01	7.652025e-01
CP021827.1	.	1238355	3	G	C	0.283	-5.458829e-02	1.595721e-01	-6.144805e+01	1.471558e+00	1.000000e+05	7.338070e-01	9.880026e-01	9.880663e-01
CP021827.1	.	1238379	0	T	C	0.082	1.105275e-01	2.660338e-01	-6.143810e+01	1.405988e+00	1.000000e+05	6.796930e-01	8.871526e-01	8.877706e-01
CP021827.1	.	1238395	3	G	C	0.065	-1.537079e-01	2.963051e-01	-6.106015e+01	1.741940e+00	1.000000e+05	6.063700e-01	3.783613e-01	3.847092e-01
CP021827.1	.	1238403	3	G	C	0.174	6.186948e-03	1.970633e-01	-6.140143e+01	1.548290e+00	1.000000e+05	9.750869e-01	7.598159e-01	7.612762e-01
CP021827.1	.	1238424	1	C	T	0.146	-8.238419e-02	2.067273e-01	-6.124638e+01	1.693522e+00	1.000000e+05	6.920544e-01	5.252556e-01	5.291809e-01
CP021827.1	.	1238425	2	A	C	0.128	1.783198e-02	2.145417e-01	-6.144789e+01	1.511113e+00	1.000000e+05	9.341118e-01	9.814833e-01	9.815816e-01
CP021827.1	.	1238532	1	C	A	0.438	2.396989e-01	1.354392e-01	-5.950468e+01	1.657197e+00	1.000000e+05	8.324934e-02	4.866247e-02	5.926378e-02
CP021827.1	.	1238748	3	C	A	0.065	-3.845444e-01	2.658302e-01	-5.887488e+01	2.777118e+00	1.000000e+05	1.546515e-01	2.329235e-02	3.198781e-02
CP021827.1	.	1238771	0	CGG	C	0.306	1.946656e-01	1.455604e-01	-6.072824e+01	1.343766e+00	1.000000e+05	1.875439e-01	2.301645e-01	2.395662e-01
CP021827.1	.	1238774	2	CAG	C	0.447	-2.026112e-01	1.357465e-01	-5.938314e+01	1.993437e+00	1.000000e+05	1.422325e-01	4.212831e-02	5.240655e-02
CP021827.1	.	1238784	2	T	C	0.213	1.955567e-02	1.727152e-01	-6.125732e+01	1.480188e+00	1.000000e+05	9.103345e-01	5.367027e-01	5.404703e-01
CP021827.1	.	1238814	4	G	T	0.133	5.917899e-02	2.063626e-01	-6.143953e+01	1.483996e+00	1.000000e+05	7.755474e-01	8.954757e-01	8.960456e-01
CP021827.1	.	1251680	0	A	G	0.122	3.695651e-01	1.975807e-01	-6.021765e+01	1.273155e+00	1.000000e+05	6.765543e-02	1.167029e-01	1.280247e-01
CP021827.1	.	1251716	0	A	G	0.102	-5.100572e-02	2.298401e-01	-6.114043e+01	1.590161e+00	1.000000e+05	8.253390e-01	4.327376e-01	4.381024e-01
CP021827.1	.	1251722	0	A	G	0.163	-1.943362e-01	1.865500e-01	-6.039799e+01	1.804192e+00	1.000000e+05	3.028624e-01	1.472650e-01	1.582300e-01
CP021827.1	.	1251737	1	A	G	0.083	-5.266730e-02	2.526952e-01	-6.142567e+01	1.527338e+00	1.000000e+05	8.357999e-01	8.320214e-01	8.329764e-01
CP021827.1	.	1251743	1	G	A	0.062	1.088604e-01	2.866712e-01	-6.137541e+01	1.494520e+00	1.000000e+05	7.058491e-01	7.028705e-01	7.047981e-01
CP021827.1	.	1251808	2	C	T	0.447	-4.978743e-02	1.367213e-01	-6.144673e+01	1.403930e+00	1.000000e+05	7.173772e-01	9.572379e-01	9.574658e-01
CP021827.1	.	1251859	2	G	C	0.128	1.221288e-01	2.114281e-01	-6.144636e+01	1.226275e+00	1.000000e+05	5.662661e-01	9.521094e-01	9.523649e-01
CP021827.1	.	1272656	0	A	C	0.082	2.610583e-01	2.561010e-01	-6.083191e+01	1.457519e+00	1.000000e+05	3.132522e-01	2.669194e-01	2.755398e-01
CP021828.1	.	162459	4	AAAGT	A	0.289	1.408926e-01	1.720680e-01	-6.143472e+01	1.143840e+00	1.000000e+05	4.170221e-01	8.697660e-01	8.704866e-01
CP021828.1	.	164965	0	C	CCG	0.306	2.807962e-01	1.468362e-01	-5.965103e+01	1.288108e+00	1.000000e+05	6.194222e-02	5.797885e-02	6.891700e-02
CP021828.1	.	168101	0	G	GT	0.020	-9.467199e-02	4.515478e-01	-6.142965e+01	1.470292e+00	1.000000e+05	8.348384e-01	8.473933e-01	8.482507e-01
CP021828.1	.	189160	2	A	G	0.021	-1.131171e+00	4.575833e-01	-5.859699e+01	1.627912e+00	1.000000e+05	1.711063e-02	1.694216e-02	2.472513e-02
CP021828.1	.	195354	0	G	GCA	0.041	1.031091e+00	3.217295e-01	-5.758512e+01	1.022311e+00	1.000000e+05	2.429791e-03	5.442884e-03	1.028892e-02
CP021828.1	.	195381	0	A	G	0.020	3.610580e-01	4.748436e-01	-6.080202e+01	1.598483e+00	1.000000e+05	4.508297e-01	2.556260e-01	2.644872e-01
CP021828.1	.	220772	1	C	CTT	0.062	3.124616e-01	2.809370e-01	-6.137373e+01	1.049319e+00	1.000000e+05	2.717036e-01	6.996237e-01	7.015801e-01
CP021828.1	.	225129	0	T	C	0.020	1.297537e+00	4.652870e-01	-5.826015e+01	1.144837e+00	1.000000e+05	7.617007e-03	1.156719e-02	1.828259e-02
CP021828.1	.	225887	0	A	T	0.020	2.039519e-01	4.270840e-01	-6.132791e+01	1.448025e+00	1.000000e+05	6.351873e-01	6.238338e-01	6.265379e-01
CP021828.1	.	225895	3	C	A	0.022	1.047958e-02	4.167210e-01	-6.144590e+01	1.364340e+00	1.000000e+05	9.800436e-01	9.463108e-01	9.465977e-01
CP021828.1	.	225933	0	G	GGC	0.082	-3.753256e-01	2.524143e-01	-6.042750e+01	1.804213e+00	1.000000e+05	1.437083e-01	1.530760e-01	1.639525e-01
CP021828.1	.	227899	0	A	C	0.020	1.286822e+00	4.018231e-01	-5.577416e+01	2.761261e+00	1.000000e+05	2.446281e-03	7.552865e-04	2.587181e-03
CP021828.1	.	227901	0	G	T	0.041	-3.344056e-01	3.197531e-01	-6.132243e+01	1.071360e+00	1.000000e+05	3.009911e-01	6.160465e-01	6.188362e-01
CP021828.1	.	245493	0	GGC	G	0.041	2.674281e-02	3.237435e-01	-6.127440e+01	1.467871e+00	1.000000e+05	9.345165e-01	5.555124e-01	5.590302e-01
CP021828.1	.	245841	1	GT	G	0.375	-8.066523e-02	1.490283e-01	-6.144613e+01	1.331520e+00	1.000000e+05	5.908749e-01	9.491800e-01	9.494513e-01
CP021828.1	.	247174	1	T	C	0.104	3.582473e-01	1.995383e-01	-5.872949e+01	2.121105e+00	1.000000e+05	7.902407e-02	1.971051e-02	2.792740e-02
CP021828.1	.	247211	0	T	G	0.367	-1.220106e-02	1.446575e-01	-6.143224e+01	1.535221e+00	1.000000e+05	9.331408e-01	8.583795e-01	8.591690e-01
CP021828.1	.	247240	0	C	CT	0.449	-5.882880e-02	1.461621e-01	-6.122613e+01	1.590911e+00	1.000000e+05	6.891481e-01	5.051684e-01	5.093812e-01
CP021828.1	.	247256	0	T	C	0.429	-5.568571e-02	1.460398e-01	-6.108357e+01	1.617465e+00	1.000000e+05	7.046953e-01	3.931439e-01	3.992149e-01
CP021828.1	.	247264	0	G	T	0.020	1.151517e-01	4.656496e-01	-6.144328e+01	1.418442e+00	1.000000e+05	8.057589e-01	9.212524e-01	9.216767e-01
CP021828.1	.	247278	0	A	C	0.020	4.372348e-02	4.555122e-01	-6.141231e+01	1.463395e+00	1.000000e+05	9.239386e-01	7.888617e-01	7.901084e-01
CP021828.1	.	249146	0	ATT	A	0.347	-1.249091e-01	1.404985e-01	-6.093399e+01	1.507947e+00	1.000000e+05	3.785082e-01	3.105483e-01	3.182480e-01
CP021828.1	.	256680	3	CG	C	0.283	-3.340932e-02	1.623998e-01	-6.144075e+01	1.526141e+00	1.000000e+05	8.378961e-01	9.030837e-01	9.036101e-01
CP021828.1	.	267152	0	CG	C	0.082	-2.594254e-01	2.586853e-01	-6.033561e+01	2.075534e+00	1.000000e+05	3.210633e-01	1.357829e-01	1.469058e-01
CP021828.1	.	267473	2	C	T	0.085	1.099975e-01	2.474586e-01	-6.107206e+01	1.549414e+00	1.000000e+05	6.587150e-01	3.857795e-01	3.919876e-01
CP021828.1	.	267491	0	C	G	0.041	2.009269e-01	3.128294e-01	-6.079066e+01	1.550691e+00	1.000000e+05	5.238061e-01	2.514899e-01	2.604394e-01
CP021828.1	.	267541	3	G	GGT	0.435	-1.735614e-01	1.445197e-01	-6.134688e+01	1.026344e+00	1.000000e+05	2.357870e-01	6.526536e-01	6.550555e-01
CP021828.1	.	267546	3	C	CG	0.413	-2.278389e-01	1.446721e-01	-6.127025e+01	7.919233e-01	1.000000e+05	1.219960e-01	5.508347e-01	5.544135e-01
CP021828.1	.	268239	0	C	CGA	0.367	-2.108661e-01	1.381320e-01	-6.107203e+01	1.045159e+00	1.000000e+05	1.335738e-01	3.857589e-01	3.919673e-01
CP021828.1	.	272788	0	A	AC	0.061	7.755505e-02	2.566657e-01	-6.126790e+01	1.504893e+00	1.000000e+05	7.638604e-01	5.482154e-01	5.518287e-01
CP021828.1	.	278508	0	G	GT	0.020	-2.246388e-01	4.255278e-01	-6.143299e+01	1.283396e+00	1.000000e+05	6.000481e-01	8.617195e-01	8.624887e-01
CP021828.1	.	281319	0	C	A	0.082	5.965769e-02	2.263714e-01	-6.125708e+01	1.504018e+00	1.000000e+05	7.932872e-01	5.364444e-01	5.402155e-01
CP021828.1	.	284748	0	T	G	0.204	3.254162e-01	1.732616e-01	-6.012457e+01	1.006132e+00	1.000000e+05	6.656839e-02	1.037334e-01	1.151296e-01
CP021828.1	.	284766	1	C	A	0.292	7.167542e-02	1.624337e-01	-6.144718e+01	1.379552e+00	1.000000e+05	6.610484e-01	9.646863e-01	9.648743e-01
CP021828.1	.	284773	1	T	C	0.354	3.286452e-01	1.476404e-01	-5.938675e+01	1.068691e+00	1.000000e+05	3.084797e-02	4.230853e-02	5.259684e-02
CP021828.1	.	284794	1	A	G	0.354	1.140888e-01	1.525314e-01	-6.143139e+01	1.149453e+00	1.000000e+05	4.582052e-01	8.546575e-01	8.554699e-01
CP021828.1	.	284848	0	T	C	0.061	3.332927e-01	2.899490e-01	-6.144073e+01	9.698923e-01	1.000000e+05	2.561711e-01	9.029621e-01	9.034892e-01
CP021828.1	.	284860	0	G	A	0.020	9.236051e-02	4.687066e-01	-6.141035e+01	1.436602e+00	1.000000e+05	8.446350e-01	7.833183e-01	7.846046e-01
CP021828.1	.	285106	0	C	G	0.204	-1.776960e-01	1.748249e-01	-6.072853e+01	1.734842e+00	1.000000e+05	3.146322e-01	2.302589e-01	2.396586e-01
CP021828.1	.	285187	0	G	C	0.041	2.693521e-01	3.330700e-01	-6.088287e+01	1.594951e+00	1.000000e+05	4.227654e-01	2.876488e-01	2.958287e-01
CP021828.1	.	285282	2	C	T	0.043	4.889433e-01	3.448673e-01	-5.987293e+01	1.847395e+00	1.000000e+05	1.628533e-01	7.590555e-02	8.720425e-02
CP021828.1	.	285298	2	A	G	0.064	5.775177e-01	2.760525e-01	-5.878808e+01	1.763602e+00	1.000000e+05	4.186132e-02	2.108006e-02	2.948983e-02
CP021828.1	.	285301	3	A	G	0.087	3.508359e-01	2.327760e-01	-5.938241e+01	2.039317e+00	1.000000e+05	1.384564e-01	4.209196e-02	5.236816e-02
CP021828.1	.	288053	1	GCC	G	0.167	-3.212112e-02	1.933312e-01	-6.135372e+01	1.576954e+00	1.000000e+05	8.687551e-01	6.638401e-01	6.661308e-01
CP021828.1	.	288056	1	A	C	0.146	4.747016e-02	2.119132e-01	-6.144621e+01	1.486874e+00	1.000000e+05	8.237223e-01	9.502038e-01	9.504696e-01
CP021828.1	.	288081	1	CGCGAGT	C	0.062	3.358920e-02	2.959765e-01	-6.143207e+01	1.488653e+00	1.000000e+05	9.101286e-01	8.576285e-01	8.584227e-01
CP021828.1	.	291191	0	C	CG	0.449	4.004197e-01	1.502923e-01	-5.683274e+01	1.676063e+00	1.000000e+05	1.053741e-02	2.379710e-03	5.649024e-03
CP021828.1	.	292665	2	TA	T	0.447	1.014258e-01	1.461654e-01	-6.103394e+01	1.482119e+00	1.000000e+05	4.911535e-01	3.627214e-01	3.693697e-01
CP021828.1	.	296579	3	T	TC	0.065	-2.563732e-01	2.636098e-01	-6.039696e+01	1.905131e+00	1.000000e+05	3.357569e-01	1.470668e-01	1.580347e-01
CP021828.1	.	297100	0	A	T	0.041	-2.654560e-01	3.228647e-01	-6.144644e+01	1.150347e+00	1.000000e+05	4.151207e-01	9.531715e-01	9.534213e-01
CP021828.1	.	297103	0	A	T	0.020	5.053946e-02	4.605014e-01	-6.144731e+01	1.461376e+00	1.000000e+05	9.130759e-01	9.670216e-01	9.671970e-01
CP021828.1	.	297736	0	A	G	0.184	1.179577e-01	1.756449e-01	-6.144445e+01	1.275349e+00	1.000000e+05	5.051458e-01	9.313041e-01	9.316728e-01
CP021828.1	.	297754	2	A	G	0.085	5.030880e-02	2.387992e-01	-6.136504e+01	1.413823e+00	1.000000e+05	8.340523e-01	6.834753e-01	6.855786e-01
CP021828.1	.	297802	1	G	A	0.021	-2.322571e-01	4.804825e-01	-6.080554e+01	1.695050e+00	1.000000e+05	6.310681e-01	2.569253e-01	2.657589e-01
CP021828.1	.	298110	0	G	C	0.224	-1.164792e-01	1.588247e-01	-6.062364e+01	1.818747e+00	1.000000e+05	4.669678e-01	1.990890e-01	2.091303e-01
CP021828.1	.	298986	0	T	C	0.020	-2.309822e-02	4.430562e-01	-6.141420e+01	1.443835e+00	1.000000e+05	9.586430e-01	7.943771e-01	7.955849e-01
CP021828.1	.	299051	2	C	T	0.043	-3.897807e-02	3.452323e-01	-6.142841e+01	1.523712e+00	1.000000e+05	9.105876e-01	8.424332e-01	8.433218e-01
CP021828.1	.	300818	2	A	G	0.340	1.293839e-01	1.415949e-01	-6.096744e+01	1.677275e+00	1.000000e+05	3.655065e-01	3.268238e-01	3.341883e-01
CP021828.1	.	301039	4	A	C	0.044	1.047271e-01	3.457527e-01	-6.142217e+01	1.472376e+00	1.000000e+05	7.633057e-01	8.196384e-01	8.206742e-01
CP021828.1	.	301132	0	T	C	0.449	-1.863071e-02	1.377370e-01	-6.144526e+01	1.502549e+00	1.000000e+05	8.929816e-01	9.392176e-01	9.395431e-01
CP021828.1	.	301231	0	G	A	0.184	-2.806702e-02	1.794237e-01	-6.144237e+01	1.499412e+00	1.000000e+05	8.763651e-01	9.142619e-01	9.147252e-01
CP021828.1	.	301273	3	C	T	0.087	3.599029e-01	2.567910e-01	-6.115145e+01	9.491846e-01	1.000000e+05	1.676219e-01	4.410985e-01	4.463211e-01
CP021828.1	.	301297	0	A	G	0.061	6.110677e-01	2.845268e-01	-6.003837e+01	9.117136e-01	1.000000e+05	3.692785e-02	9.312007e-02	1.045279e-01
CP021828.1	.	301548	0	C	T	0.102	-1.003656e-01	2.212218e-01	-6.140570e+01	1.499554e+00	1.000000e+05	6.521417e-01	7.707241e-01	7.721024e-01
CP021828.1	.	301581	0	T	C	0.102	5.250637e-01	2.131172e-01	-6.000073e+01	6.203026e-01	1.000000e+05	1.746527e-02	8.886258e-02	1.002598e-01
CP021828.1	.	302464	0	G	T	0.061	-1.536984e-01	2.568483e-01	-6.127772e+01	1.399110e+00	1.000000e+05	5.524452e-01	5.593118e-01	5.627805e-01
CP021828.1	.	360934	0	T	C	0.020	-1.106571e-01	5.179332e-01	-6.144622e+01	1.573594e+00	1.000000e+05	8.317431e-01	9.502826e-01	9.505480e-01
CP021828.1	.	364930	2	A	G	0.043	4.101697e-01	3.237535e-01	-6.002347e+01	1.700584e+00	1.000000e+05	2.114262e-01	9.140888e-02	1.028136e-01
CP021828.1	.	364939	1	G	A	0.083	3.556895e-01	2.264509e-01	-6.008996e+01	1.513152e+00	1.000000e+05	1.229578e-01	9.932082e-02	1.107279e-01
CP021828.1	.	365005	0	G	A	0.020	9.349501e-02	4.417381e-01	-6.117368e+01	1.491789e+00	1.000000e+05	8.332932e-01	4.587421e-01	4.636723e-01
CP021828.1	.	365016	1	C	G	0.042	-1.423145e-01	3.154382e-01	-6.144468e+01	1.311741e+00	1.000000e+05	6.539458e-01	9.335200e-01	9.338766e-01
CP021828.1	.	365134	0	T	G	0.061	-2.401561e-01	2.672068e-01	-6.108374e+01	1.426950e+00	1.000000e+05	3.733596e-01	3.932574e-01	3.993263e-01
CP021828.1	.	365146	1	G	A	0.104	-1.252265e-01	2.230039e-01	-6.100771e+01	1.704892e+00	1.000000e+05	5.770948e-01	3.479531e-01	3.548918e-01
CP021828.1	.	365169	0	T	A	0.061	2.093137e-01	2.770280e-01	-6.120297e+01	1.397882e+00	1.000000e+05	4.536780e-01	4.837577e-01	4.882921e-01
CP021828.1	.	365170	0	T	G	0.041	3.025300e-01	3.471724e-01	-6.115766e+01	1.383540e+00	1.000000e+05	3.879591e-01	4.459191e-01	4.510607e-01
CP021828.1	.	365221	0	A	G	0.224	-2.681311e-01	1.540403e-01	-6.134676e+01	9.073610e-01	1.000000e+05	8.828779e-02	6.524567e-01	6.548606e-01
CP021828.1	.	365233	3	T	G	0.370	2.777956e-01	1.449244e-01	-5.990140e+01	1.460460e+00	1.000000e+05	6.135045e-02	7.860428e-02	8.993278e-02
CP021828.1	.	365248	2	A	G	0.191	2.067525e-01	1.766908e-01	-6.143217e+01	1.106209e+00	1.000000e+05	2.478453e-01	8.580548e-01	8.588464e-01
CP021828.1	.	365251	4	T	C	0.178	2.197345e-01	1.848057e-01	-6.113246e+01	1.172751e+00	1.000000e+05	2.404112e-01	4.268422e-01	4.323088e-01
CP021828.1	.	365254	2	A	G	0.149	1.487693e-02	2.039656e-01	-6.135435e+01	1.509254e+00	1.000000e+05	9.421647e-01	6.649056e-01	6.671858e-01
CP021828.1	.	365264	2	G	C	0.468	-3.124623e-01	1.379108e-01	-6.074765e+01	7.282447e-01	1.000000e+05	2.811887e-02	2.365510e-01	2.458179e-01
CP021828.1	.	365296	3	A	G	0.261	2.405133e-01	1.740804e-01	-6.072825e+01	1.487411e+00	1.000000e+05	1.736206e-01	2.301677e-01	2.395693e-01
CP021828.1	.	365299	1	A	G	0.354	1.665889e-01	1.524229e-01	-6.121991e+01	1.339193e+00	1.000000e+05	2.799912e-01	4.992595e-01	5.035595e-01
CP021828.1	.	365326	2	A	G	0.277	7.098856e-02	1.729470e-01	-6.117274e+01	1.648765e+00	1.000000e+05	6.833306e-01	4.579688e-01	4.629117e-01
CP021828.1	.	365329	2	G	C	0.468	-1.743219e-02	1.431254e-01	-6.141467e+01	1.487836e+00	1.000000e+05	9.035794e-01	7.957815e-01	7.969795e-01
CP021828.1	.	365413	3	T	A	0.174	-6.049959e-02	1.947234e-01	-6.126718e+01	1.647111e+00	1.000000e+05	7.574062e-01	5.474133e-01	5.510372e-01
CP021828.1	.	365437	0	G	T	0.041	-1.026247e-01	3.414708e-01	-6.143104e+01	1.519017e+00	1.000000e+05	7.650927e-01	8.531618e-01	8.539834e-01
CP021828.1	.	365455	2	A	G	0.213	-1.100398e-01	1.831751e-01	-6.104596e+01	1.699395e+00	1.000000e+05	5.509022e-01	3.697804e-01	3.762922e-01
CP021828.1	.	365462	2	C	G	0.191	9.863053e-03	1.984619e-01	-6.143662e+01	1.585126e+00	1.000000e+05	9.605741e-01	8.792189e-01	8.798834e-01
CP021828.1	.	365470	3	T	C	0.217	-7.011468e-02	1.851678e-01	-6.144760e+01	1.523814e+00	1.000000e+05	7.066494e-01	9.732147e-01	9.733570e-01
CP021828.1	.	365473	4	C	T	0.178	-4.583367e-02	2.038141e-01	-6.144756e+01	1.563312e+00	1.000000e+05	8.230477e-01	9.722870e-01	9.724343e-01
CP021828.1	.	365506	1	A	G	0.188	1.371773e-01	1.812582e-01	-6.097042e+01	1.577825e+00	1.000000e+05	4.529433e-01	3.283265e-01	3.356603e-01
CP021828.1	.	365512	0	A	G	0.347	1.352083e-01	1.472378e-01	-6.111864e+01	1.432397e+00	1.000000e+05	3.631510e-01	4.168929e-01	4.225340e-01
CP021828.1	.	365529	3	A	C	0.457	-5.515369e-02	1.501810e-01	-6.138365e+01	1.519656e+00	1.000000e+05	7.150824e-01	7.194367e-01	7.212212e-01
CP021828.1	.	365581	3	G	T	0.326	-4.234481e-02	1.586655e-01	-6.125636e+01	1.631911e+00	1.000000e+05	7.907283e-01	5.356808e-01	5.394623e-01
CP021828.1	.	365593	0	G	A	0.143	-4.836052e-02	1.973247e-01	-6.144783e+01	1.495937e+00	1.000000e+05	8.074607e-01	9.794961e-01	9.796050e-01
CP021828.1	.	365602	1	A	G	0.146	-2.323991e-01	2.065246e-01	-6.055388e+01	1.778997e+00	1.000000e+05	2.661818e-01	1.811013e-01	1.914914e-01
CP021828.1	.	365605	0	T	G	0.082	-2.019066e-01	2.664812e-01	-6.100996e+01	1.747046e+00	1.000000e+05	4.524268e-01	3.491852e-01	3.560995e-01
CP021828.1	.	365659	0	A	G	0.041	-8.442771e-01	3.154190e-01	-5.810732e+01	1.578126e+00	1.000000e+05	1.020549e-02	9.740790e-03	1.599740e-02
CP021828.1	.	365733	1	G	T	0.333	4.298739e-02	1.593840e-01	-6.139276e+01	1.541785e+00	1.000000e+05	7.885644e-01	7.392233e-01	7.408447e-01
CP021828.1	.	365740	2	G	A	0.255	-2.132977e-01	1.798944e-01	-6.017492e+01	2.094190e+00	1.000000e+05	2.417074e-01	1.105391e-01	1.219035e-01
CP021828.1	.	365743	4	G	C	0.267	6.550838e-02	1.831914e-01	-6.135886e+01	1.567558e+00	1.000000e+05	7.222470e-01	6.725800e-01	6.747861e-01
CP021828.1	.	365766	0	T	C	0.224	-9.145178e-02	1.773908e-01	-6.109579e+01	1.683880e+00	1.000000e+05	6.085934e-01	4.011951e-01	4.071182e-01
CP021828.1	.	365781	0	T	C	0.041	1.765918e-01	3.338815e-01	-6.138819e+01	1.428559e+00	1.000000e+05	5.993601e-01	7.290888e-01	7.307927e-01
CP021828.1	.	365794	2	A	G	0.064	2.490046e-01	2.804436e-01	-6.098093e+01	1.410571e+00	1.000000e+05	3.791184e-01	3.337030e-01	3.409276e-01
CP021828.1	.	365824	4	G	C	0.044	-2.993516e-02	3.652529e-01	-6.143784e+01	1.554214e+00	1.000000e+05	9.350287e-01	8.857659e-01	8.863920e-01
CP021828.1	.	365839	2	G	A	0.191	-9.142802e-02	1.836042e-01	-6.127074e+01	1.637544e+00	1.000000e+05	6.208325e-01	5.513839e-01	5.549555e-01
CP021828.1	.	365881	3	C	A	0.109	-1.936108e-01	2.164344e-01	-6.087807e+01	1.551319e+00	1.000000e+05	3.755876e-01	2.856108e-01	2.938339e-01
CP021828.1	.	365899	1	C	G	0.438	-2.037071e-01	1.451842e-01	-5.989694e+01	2.252128e+00	1.000000e+05	1.671607e-01	7.817477e-02	8.949888e-02
CP021828.1	.	365931	4	C	T	0.333	-1.386990e-01	1.632535e-01	-6.056056e+01	1.965963e+00	1.000000e+05	3.998586e-01	1.827394e-01	1.930987e-01
CP021828.1	.	392642	2	A	G	0.489	-4.295277e-02	1.374381e-01	-6.140464e+01	1.509537e+00	1.000000e+05	7.560244e-01	7.679601e-01	7.693590e-01
CP021828.1	.	392819	0	G	C	0.224	5.782208e-01	1.437454e-01	-5.487276e+01	7.529462e-01	1.000000e+05	2.075377e-04	2.873946e-04	1.398769e-03
CP021828.1	.	626056	1	C	T	0.125	1.729236e-01	2.326130e-01	-6.138298e+01	1.411455e+00	1.000000e+05	4.609420e-01	7.180601e-01	7.198563e-01
CP021828.1	.	626067	0	AG	A	0.143	2.821906e-01	2.107757e-01	-6.098078e+01	1.289054e+00	1.000000e+05	1.870693e-01	3.336285e-01	3.408546e-01
CP021828.1	.	626086	1	C	T	0.167	1.213323e-01	2.063490e-01	-6.134367e+01	1.499401e+00	1.000000e+05	5.593501e-01	6.475689e-01	6.500224e-01
CP021828.1	.	626107	3	C	T	0.217	3.778747e-01	1.759629e-01	-5.822703e+01	1.994537e+00	1.000000e+05	3.694431e-02	1.114368e-02	1.775810e-02
CP021828.1	.	626113	3	T	C	0.196	2.941819e-01	1.968351e-01	-6.009034e+01	1.609024e+00	1.000000e+05	1.417134e-01	9.936902e-02	1.107760e-01
CP021828.1	.	626140	2	C	G	0.064	-4.344151e-01	2.731837e-01	-6.063990e+01	1.357027e+00	1.000000e+05	1.184959e-01	2.035764e-01	2.135277e-01
CP021828.1	.	626152	0	G	A	0.204	-1.281364e-01	1.990504e-01	-6.138473e+01	1.607917e+00	1.000000e+05	5.228741e-01	7.217084e-01	7.234737e-01
CP021828.1	.	626167	2	C	T	0.255	-3.212377e-01	1.645012e-01	-6.002327e+01	1.555511e+00	1.000000e+05	5.681284e-02	9.138579e-02	1.027905e-01
CP021828.1	.	626170	3	C	G	0.217	-3.291607e-01	1.913980e-01	-6.008481e+01	1.830123e+00	1.000000e+05	9.205364e-02	9.868290e-02	1.100908e-01
CP021828.1	.	626221	0	C	G	0.490	-1.362453e-01	1.530663e-01	-6.105592e+01	1.412902e+00	1.000000e+05	3.779424e-01	3.757709e-01	3.821680e-01
CP021828.1	.	626227	1	T	C	0.479	2.160339e-01	1.587661e-01	-6.039346e+01	1.391631e+00	1.000000e+05	1.800967e-01	1.463954e-01	1.573732e-01
CP021828.1	.	626260	2	C	T	0.489	-1.504948e-01	1.612111e-01	-6.119134e+01	1.353902e+00	1.000000e+05	3.553197e-01	4.735617e-01	4.782548e-01
CP021828.1	.	626271	0	T	TC	0.469	1.528883e-01	1.618750e-01	-6.144522e+01	1.108457e+00	1.000000e+05	3.497527e-01	9.388528e-01	9.391802e-01
CP021828.1	.	626284	3	A	C	0.435	3.032171e-01	1.687773e-01	-6.103549e+01	7.366401e-01	1.000000e+05	7.883519e-02	3.636187e-01	3.702496e-01
CP021828.1	.	626286	3	A	C	0.457	2.273650e-01	1.691604e-01	-6.134616e+01	9.090019e-01	1.000000e+05	1.853751e-01	6.515022e-01	6.539157e-01
CP021828.1	.	626293	0	T	C	0.388	2.266595e-01	1.728805e-01	-6.130205e+01	9.479570e-01	1.000000e+05	1.962017e-01	5.887919e-01	5.918955e-01
CP021828.1	.	626298	1	C	T	0.438	8.341597e-02	1.712620e-01	-6.138388e+01	1.416258e+00	1.000000e+05	6.284751e-01	7.199150e-01	7.216954e-01
CP021828.1	.	626305	2	A	G	0.383	8.751358e-02	1.805297e-01	-6.115203e+01	1.229873e+00	1.000000e+05	6.300983e-01	4.415459e-01	4.467609e-01
CP021828.1	.	626308	1	G	T	0.396	2.083350e-01	1.565165e-01	-6.144809e+01	6.846021e-01	1.000000e+05	1.895859e-01	9.902048e-01	9.902567e-01
CP021828.1	.	661775	1	C	T	0.208	1.153655e-02	1.686560e-01	-6.142521e+01	1.501559e+00	1.000000e+05	9.457551e-01	8.303370e-01	8.313028e-01
CP021828.1	.	897897	1	T	C	0.021	-4.172720e-01	4.766142e-01	-6.073278e+01	1.759408e+00	1.000000e+05	3.857586e-01	2.316375e-01	2.410081e-01
CP021828.1	.	898518	0	G	C	0.041	3.429747e-01	3.268025e-01	-6.093547e+01	1.364254e+00	1.000000e+05	2.993211e-01	3.112453e-01	3.189305e-01
CP021828.1	.	911042	0	A	T	0.020	4.889617e-01	4.400602e-01	-5.954053e+01	2.182485e+00	1.000000e+05	2.721667e-01	5.078739e-02	6.147707e-02
CP021828.1	.	994802	1	C	T	0.062	1.984941e-01	2.692095e-01	-6.081499e+01	1.663188e+00	1.000000e+05	4.645916e-01	2.604521e-01	2.692104e-01
CP021828.1	.	994803	0	A	C	0.061	8.852128e-02	2.579906e-01	-6.140632e+01	1.455699e+00	1.000000e+05	7.330396e-01	7.723600e-01	7.737262e-01
CP021828.1	.	995452	0	T	C	0.041	-4.522476e-01	3.414437e-01	-5.977677e+01	2.120296e+00	1.000000e+05	1.917365e-01	6.750053e-02	7.866899e-02
CP021828.1	.	1322288	2	C	G	0.021	7.834941e-01	4.889545e-01	-5.997125e+01	1.495326e+00	1.000000e+05	1.157706e-01	8.567465e-02	9.705751e-02
CP021828.1	.	1322354	0	G	A	0.041	1.120299e+00	3.284586e-01	-5.628554e+01	1.165021e+00	1.000000e+05	1.340124e-03	1.312224e-03	3.740909e-03
CP021828.1	.	1452970	0	G	T	0.020	-4.432347e-01	4.599110e-01	-6.036020e+01	1.813791e+00	1.000000e+05	3.401088e-01	1.401840e-01	1.512492e-01
CP021828.1	.	1452986	2	CA	C	0.064	6.284002e-01	2.762867e-01	-5.952972e+01	1.042077e+00	1.000000e+05	2.754602e-02	5.013633e-02	6.079972e-02
CP021828.1	.	1471780	2	G	A	0.468	-2.376279e-03	1.391071e-01	-6.144415e+01	1.502218e+00	1.000000e+05	9.864432e-01	9.286017e-01	9.289853e-01
