chr	rs	ps	n_miss	allele1	allele0	af	beta	se	logl_H1	l_remle	l_mle	p_wald	p_lrt	p_score
CP021825.1	.	10624	0	T	TCTGGCCGGACG	0.184	-5.086508e-02	1.611088e-01	-5.562169e+01	7.023577e+00	1.000000e+05	7.536136e-01	6.765124e-01	6.786810e-01
CP021825.1	.	218304	0	T	C	0.020	7.776235e-01	3.750402e-01	-5.329858e+01	1.303932e+01	1.000000e+05	4.363721e-02	2.812655e-02	3.735390e-02
CP021825.1	.	526844	0	G	T	0.020	3.069492e-01	3.885993e-01	-5.544247e+01	6.209786e+00	1.000000e+05	4.335614e-01	4.655543e-01	4.703746e-01
CP021825.1	.	1038788	1	G	C	0.312	-4.460050e-02	1.412303e-01	-5.558968e+01	7.442539e+00	1.000000e+05	7.535527e-01	6.255857e-01	6.282707e-01
CP021825.1	.	1038838	4	C	T	0.244	-9.814854e-03	1.576396e-01	-5.569246e+01	6.755956e+00	1.000000e+05	9.506187e-01	8.568416e-01	8.576406e-01
CP021825.1	.	1247320	0	T	C	0.020	-1.140524e-01	3.738820e-01	-5.569715e+01	5.729770e+00	1.000000e+05	7.616756e-01	8.790630e-01	8.797284e-01
CP021825.1	.	1356055	0	T	TC	0.163	-6.605921e-02	1.807006e-01	-5.552549e+01	7.746435e+00	1.000000e+05	7.163241e-01	5.449273e-01	5.485842e-01
CP021825.1	.	1358090	0	G	T	0.041	7.525398e-02	2.935888e-01	-5.570263e+01	6.186032e+00	1.000000e+05	7.988190e-01	9.120254e-01	9.125013e-01
CP021825.1	.	1358203	0	ATG	A	0.388	1.325868e-01	1.358053e-01	-5.527015e+01	6.690668e+00	1.000000e+05	3.339140e-01	3.489804e-01	3.558987e-01
CP021825.1	.	1360089	0	C	T	0.020	4.153499e-01	4.545355e-01	-5.529147e+01	6.597562e+00	1.000000e+05	3.654914e-01	3.609675e-01	3.676500e-01
CP021825.1	.	1377217	0	G	A	0.020	-4.606685e-02	3.831699e-01	-5.568654e+01	5.869748e+00	1.000000e+05	9.048169e-01	8.331401e-01	8.340879e-01
CP021825.1	.	1377263	2	G	C	0.213	-1.170767e-01	1.712375e-01	-5.543626e+01	7.511199e+00	1.000000e+05	4.975157e-01	4.603955e-01	4.652989e-01
CP021825.1	.	1377284	3	A	C	0.087	3.796452e-01	2.287917e-01	-5.435991e+01	5.955425e+00	1.000000e+05	1.037048e-01	1.004965e-01	1.119014e-01
CP021825.1	.	1377293	1	G	C	0.146	2.415917e-01	1.918217e-01	-5.538309e+01	4.215555e+00	1.000000e+05	2.140831e-01	4.196584e-01	4.252507e-01
CP021825.1	.	1377296	0	T	C	0.184	2.673123e-01	1.800311e-01	-5.523477e+01	3.822122e+00	1.000000e+05	1.442703e-01	3.302479e-01	3.375426e-01
CP021825.1	.	1377315	0	G	C	0.102	3.426854e-01	2.079999e-01	-5.487448e+01	4.458182e+00	1.000000e+05	1.061203e-01	1.964605e-01	2.065541e-01
CP021825.1	.	1377395	0	C	T	0.061	-6.268907e-02	2.386984e-01	-5.563113e+01	6.591219e+00	1.000000e+05	7.939845e-01	6.936181e-01	6.956284e-01
CP021825.1	.	1377398	0	T	C	0.020	4.215089e-01	4.479319e-01	-5.515198e+01	7.524129e+00	1.000000e+05	3.515108e-01	2.913228e-01	2.994252e-01
CP021825.1	.	1377584	2	A	G	0.106	4.444625e-02	2.159130e-01	-5.565339e+01	6.809621e+00	1.000000e+05	8.377951e-01	7.393726e-01	7.409928e-01
CP021825.1	.	1377602	1	C	T	0.125	-2.771175e-01	1.993225e-01	-5.474453e+01	6.951338e+00	1.000000e+05	1.709879e-01	1.649340e-01	1.756154e-01
CP021825.1	.	1377690	0	A	G	0.041	-5.790117e-01	3.240359e-01	-5.405500e+01	7.249105e+00	1.000000e+05	8.040799e-02	6.896633e-02	8.016193e-02
CP021825.1	.	1377704	1	A	T	0.500	-5.578315e-02	1.285821e-01	-5.557249e+01	6.939521e+00	1.000000e+05	6.663947e-01	6.016755e-01	6.046279e-01
CP021825.1	.	1377749	0	A	C	0.041	1.090919e-01	2.741628e-01	-5.558395e+01	6.503321e+00	1.000000e+05	6.924987e-01	6.173804e-01	6.201553e-01
CP021825.1	.	1377794	0	G	C	0.082	1.194778e-01	2.020761e-01	-5.543617e+01	7.018407e+00	1.000000e+05	5.571848e-01	4.603174e-01	4.652222e-01
CP021825.1	.	1377877	2	A	G	0.128	5.551208e-02	1.774047e-01	-5.558785e+01	6.829637e+00	1.000000e+05	7.557318e-01	6.229444e-01	6.256581e-01
CP021825.1	.	1732471	0	A	AT	0.061	-1.305211e-01	3.032450e-01	-5.549813e+01	8.079838e+00	1.000000e+05	6.688614e-01	5.163398e-01	5.203911e-01
CP021825.1	.	1732500	1	G	A	0.083	8.987275e-02	2.505099e-01	-5.563569e+01	6.838209e+00	1.000000e+05	7.213817e-01	7.023186e-01	7.042511e-01
CP021825.1	.	1732515	1	T	G	0.292	2.730107e-01	1.565146e-01	-5.543891e+01	2.534789e+00	1.000000e+05	8.764134e-02	4.625789e-01	4.674471e-01
CP021825.1	.	1732521	0	G	T	0.224	2.231477e-01	1.715648e-01	-5.533006e+01	4.074491e+00	1.000000e+05	1.997159e-01	3.841651e-01	3.904034e-01
CP021825.1	.	1732545	3	A	G	0.304	1.870922e-01	1.671653e-01	-5.536465e+01	4.825803e+00	1.000000e+05	2.687403e-01	4.067891e-01	4.126108e-01
CP021825.1	.	1732551	1	T	C	0.312	1.478942e-01	1.678630e-01	-5.556971e+01	5.081720e+00	1.000000e+05	3.827788e-01	5.979920e-01	6.009871e-01
CP021825.1	.	1732566	2	C	A	0.404	9.027177e-02	1.425728e-01	-5.543672e+01	7.182087e+00	1.000000e+05	5.296965e-01	4.607748e-01	4.656721e-01
CP021825.1	.	1732594	3	A	G	0.174	4.317932e-02	1.776307e-01	-5.569161e+01	6.449434e+00	1.000000e+05	8.089975e-01	8.532114e-01	8.540328e-01
CP021825.1	.	1904758	0	G	C	0.041	-9.071523e-02	3.393453e-01	-5.564018e+01	7.204211e+00	1.000000e+05	7.903891e-01	7.111921e-01	7.130470e-01
CP021826.1	.	143947	0	AT	A	0.469	-7.493894e-02	1.271089e-01	-5.550037e+01	6.855211e+00	1.000000e+05	5.583059e-01	5.185756e-01	5.225950e-01
CP021826.1	.	148361	3	CA	C	0.022	-1.030844e-01	3.669603e-01	-5.569513e+01	5.841951e+00	1.000000e+05	7.800092e-01	8.690228e-01	8.697479e-01
CP021827.1	.	12013	3	A	AT	0.478	2.647602e-01	1.458388e-01	-5.419573e+01	5.870676e+00	1.000000e+05	7.584091e-02	8.193988e-02	9.329809e-02
CP021827.1	.	12058	0	A	AGGG	0.469	1.490821e-01	1.413282e-01	-5.530254e+01	5.682410e+00	1.000000e+05	2.968798e-01	3.674199e-01	3.739772e-01
CP021827.1	.	16476	4	AC	A	0.467	-5.661272e-02	1.416884e-01	-5.563549e+01	6.914531e+00	1.000000e+05	6.912922e-01	7.019252e-01	7.038612e-01
CP021827.1	.	74787	2	A	G	0.043	6.842187e-02	3.212657e-01	-5.566759e+01	6.817840e+00	1.000000e+05	8.322668e-01	7.742409e-01	7.755933e-01
CP021827.1	.	74828	0	G	C	0.061	-9.425353e-02	2.807179e-01	-5.566528e+01	6.640017e+00	1.000000e+05	7.385470e-01	7.681597e-01	7.695570e-01
CP021827.1	.	74859	1	GC	G	0.208	7.897709e-02	1.524446e-01	-5.543273e+01	7.634105e+00	1.000000e+05	6.068392e-01	4.575041e-01	4.624545e-01
CP021827.1	.	74963	0	CG	C	0.163	1.982323e-01	1.554212e-01	-5.465849e+01	8.291269e+00	1.000000e+05	2.084177e-01	1.472535e-01	1.582186e-01
CP021827.1	.	74986	3	G	C	0.043	4.573063e-03	2.907276e-01	-5.569057e+01	6.327488e+00	1.000000e+05	9.875166e-01	8.488759e-01	8.497241e-01
CP021827.1	.	109668	0	C	G	0.082	-1.197691e-01	2.256692e-01	-5.555656e+01	6.427807e+00	1.000000e+05	5.981061e-01	5.811810e-01	5.843762e-01
CP021827.1	.	302275	3	A	AT	0.152	2.552908e-01	1.749889e-01	-5.471150e+01	6.827727e+00	1.000000e+05	1.512447e-01	1.578757e-01	1.686754e-01
CP021827.1	.	322944	0	C	T	0.061	-1.664107e-01	2.762278e-01	-5.537924e+01	8.290768e+00	1.000000e+05	5.497769e-01	4.169196e-01	4.225602e-01
CP021827.1	.	322957	0	T	C	0.082	-2.155881e-01	2.186153e-01	-5.519380e+01	6.992705e+00	1.000000e+05	3.291080e-01	3.101915e-01	3.178986e-01
CP021827.1	.	352369	0	G	C	0.061	2.898035e-01	2.828768e-01	-5.526221e+01	6.078718e+00	1.000000e+05	3.108496e-01	3.446553e-01	3.516597e-01
CP021827.1	.	352549	0	C	T	0.163	1.955489e-01	1.643670e-01	-5.469534e+01	9.918220e+00	1.000000e+05	2.401360e-01	1.545485e-01	1.654018e-01
CP021827.1	.	352609	0	G	A	0.122	2.333046e-03	1.798003e-01	-5.570705e+01	6.366687e+00	1.000000e+05	9.897021e-01	9.538531e-01	9.540992e-01
CP021827.1	.	359548	0	C	A	0.224	1.196704e-01	1.775984e-01	-5.567299e+01	5.151800e+00	1.000000e+05	5.037224e-01	7.892044e-01	7.904486e-01
CP021827.1	.	359571	1	G	A	0.354	1.331741e-01	1.559328e-01	-5.545641e+01	5.777964e+00	1.000000e+05	3.974105e-01	4.774719e-01	4.821038e-01
CP021827.1	.	359578	0	G	T	0.388	4.485546e-02	1.392886e-01	-5.570516e+01	6.139834e+00	1.000000e+05	7.488561e-01	9.326589e-01	9.330202e-01
CP021827.1	.	387590	0	C	G	0.020	-8.658093e-01	3.569905e-01	-5.288895e+01	6.757064e+00	1.000000e+05	1.919088e-02	1.755968e-02	2.544504e-02
CP021827.1	.	392984	0	ACC	A	0.020	-2.124017e-01	4.249310e-01	-5.550170e+01	7.119208e+00	1.000000e+05	6.195130e-01	5.199150e-01	5.239154e-01
CP021827.1	.	399746	1	C	A	0.146	3.361779e-02	1.690744e-01	-5.570207e+01	5.877868e+00	1.000000e+05	8.432501e-01	9.081176e-01	9.086155e-01
CP021827.1	.	418234	0	T	G	0.020	-3.290615e-02	3.688431e-01	-5.570016e+01	5.952573e+00	1.000000e+05	9.292905e-01	8.958238e-01	8.963917e-01
CP021827.1	.	431565	0	G	C	0.041	-6.617877e-01	3.256228e-01	-5.351083e+01	8.544812e+00	1.000000e+05	4.778795e-02	3.602774e-02	4.591957e-02
CP021827.1	.	431583	1	T	C	0.062	-2.614533e-01	2.739005e-01	-5.509303e+01	8.280554e+00	1.000000e+05	3.446863e-01	2.671371e-01	2.757529e-01
CP021827.1	.	431631	3	C	A	0.065	-6.275413e-01	2.617807e-01	-5.261159e+01	2.100926e+01	1.000000e+05	2.054832e-02	1.281646e-02	1.981309e-02
CP021827.1	.	431663	3	G	A	0.348	5.617250e-02	1.396833e-01	-5.554209e+01	7.440255e+00	1.000000e+05	6.894027e-01	5.637382e-01	5.671503e-01
CP021827.1	.	431703	0	C	G	0.408	9.080290e-02	1.375175e-01	-5.546094e+01	6.946228e+00	1.000000e+05	5.122843e-01	4.814526e-01	4.860226e-01
CP021827.1	.	431760	4	C	G	0.356	-9.183132e-02	1.386039e-01	-5.527844e+01	8.760098e+00	1.000000e+05	5.108580e-01	3.535776e-01	3.604050e-01
CP021827.1	.	431808	0	C	T	0.102	6.362548e-02	2.036025e-01	-5.555888e+01	7.376591e+00	1.000000e+05	7.560440e-01	5.840691e-01	5.872292e-01
CP021827.1	.	431838	0	A	C	0.041	-1.214821e-01	3.121473e-01	-5.558718e+01	6.940079e+00	1.000000e+05	6.988992e-01	6.219836e-01	6.247078e-01
CP021827.1	.	431967	3	G	T	0.087	-6.268993e-02	2.191632e-01	-5.570049e+01	6.194668e+00	1.000000e+05	7.761028e-01	8.978368e-01	8.983931e-01
CP021827.1	.	431968	4	C	T	0.044	-2.476949e-01	2.854671e-01	-5.538899e+01	5.839665e+00	1.000000e+05	3.899768e-01	4.239022e-01	4.294201e-01
CP021827.1	.	432981	0	C	A	0.020	-9.541923e-01	4.095928e-01	-5.282689e+01	8.297716e+00	1.000000e+05	2.417379e-02	1.636075e-02	2.404406e-02
CP021827.1	.	444780	0	C	A	0.041	1.504792e-01	2.940511e-01	-5.556772e+01	6.656035e+00	1.000000e+05	6.112256e-01	5.953799e-01	5.984055e-01
CP021827.1	.	452198	1	AG	A	0.125	-7.393358e-02	1.765751e-01	-5.563266e+01	6.221740e+00	1.000000e+05	6.773361e-01	6.964930e-01	6.984774e-01
CP021827.1	.	471937	1	C	CT	0.271	-2.197356e-01	1.490296e-01	-5.512683e+01	3.615921e+00	1.000000e+05	1.470297e-01	2.806786e-01	2.890062e-01
CP021827.1	.	551651	0	T	G	0.020	1.806491e-01	3.555836e-01	-5.540300e+01	7.071902e+00	1.000000e+05	6.138046e-01	4.342371e-01	4.395763e-01
CP021827.1	.	554119	0	GA	G	0.429	3.279373e-01	1.174258e-01	-5.205562e+01	5.231785e+00	1.000000e+05	7.536130e-03	6.871670e-03	1.225391e-02
CP021827.1	.	556422	0	T	TC	0.143	-2.637851e-03	1.854281e-01	-5.570736e+01	6.777249e+00	1.000000e+05	9.887101e-01	9.583131e-01	9.585352e-01
CP021827.1	.	586523	0	G	C	0.449	2.011310e-01	1.323992e-01	-5.500023e+01	4.248929e+00	1.000000e+05	1.354300e-01	2.338989e-01	2.432218e-01
CP021827.1	.	586570	0	A	T	0.449	3.022570e-02	1.418432e-01	-5.564663e+01	7.372489e+00	1.000000e+05	8.321765e-01	7.245342e-01	7.262758e-01
CP021827.1	.	586637	0	A	G	0.327	2.896632e-01	1.413053e-01	-5.358540e+01	6.569254e+00	1.000000e+05	4.597536e-02	3.932762e-02	4.943995e-02
CP021827.1	.	586673	0	G	A	0.265	3.542994e-01	1.537260e-01	-5.340195e+01	4.580385e+00	1.000000e+05	2.564532e-02	3.172030e-02	4.127679e-02
CP021827.1	.	586713	0	C	CCAGATCGCAGTGCCGA	0.061	3.286623e-01	2.811867e-01	-5.523868e+01	5.226980e+00	1.000000e+05	2.483622e-01	3.322534e-01	3.395073e-01
CP021827.1	.	586790	1	G	A	0.062	5.600419e-02	2.485602e-01	-5.562831e+01	6.548652e+00	1.000000e+05	8.227116e-01	6.883795e-01	6.904376e-01
CP021827.1	.	586819	1	A	G	0.062	8.926974e-02	2.995825e-01	-5.565580e+01	6.931302e+00	1.000000e+05	7.670313e-01	7.449093e-01	7.464854e-01
CP021827.1	.	586831	0	G	A	0.041	1.013039e-01	3.363431e-01	-5.567467e+01	6.633388e+00	1.000000e+05	7.645966e-01	7.941104e-01	7.953200e-01
CP021827.1	.	595041	0	G	A	0.020	4.301078e-01	3.687450e-01	-5.478615e+01	8.559439e+00	1.000000e+05	2.493334e-01	1.743477e-01	1.848625e-01
CP021827.1	.	595043	0	A	C	0.020	-5.791961e-01	3.926191e-01	-5.466193e+01	6.460033e+00	1.000000e+05	1.468238e-01	1.479173e-01	1.588726e-01
CP021827.1	.	596030	1	G	GGT	0.021	-3.954450e-01	3.970893e-01	-5.487926e+01	1.214639e+01	1.000000e+05	3.244183e-01	1.977455e-01	2.078135e-01
CP021827.1	.	596707	0	C	CGCGT	0.367	-3.731201e-01	1.605264e-01	-5.283020e+01	2.730881e+01	1.000000e+05	2.447858e-02	1.642251e-02	2.411656e-02
CP021827.1	.	606298	1	T	G	0.021	4.291365e-01	4.320188e-01	-5.508791e+01	7.351348e+00	1.000000e+05	3.256366e-01	2.651573e-01	2.738153e-01
CP021827.1	.	639984	3	TTGC	T	0.109	1.793580e-01	2.279189e-01	-5.537042e+01	6.746044e+00	1.000000e+05	4.352685e-01	4.107518e-01	4.165022e-01
CP021827.1	.	640681	1	G	C	0.375	1.618650e-01	1.328446e-01	-5.514058e+01	5.524012e+00	1.000000e+05	2.291326e-01	2.864359e-01	2.946415e-01
CP021827.1	.	661801	4	G	C	0.378	3.748796e-02	1.340622e-01	-5.570598e+01	6.313546e+00	1.000000e+05	7.809875e-01	9.408809e-01	9.411973e-01
CP021827.1	.	661862	0	C	G	0.367	9.729462e-02	1.299760e-01	-5.527085e+01	8.101939e+00	1.000000e+05	4.578534e-01	3.493683e-01	3.562789e-01
CP021827.1	.	661985	1	A	G	0.188	4.945004e-02	1.524335e-01	-5.567038e+01	6.234260e+00	1.000000e+05	7.470717e-01	7.818209e-01	7.831180e-01
CP021827.1	.	662382	3	A	G	0.413	-2.061275e-01	1.295425e-01	-5.474952e+01	5.168263e+00	1.000000e+05	1.182700e-01	1.660319e-01	1.766943e-01
CP021827.1	.	662502	0	C	A	0.163	8.204623e-02	1.696233e-01	-5.548763e+01	7.720033e+00	1.000000e+05	6.308472e-01	5.060681e-01	5.102677e-01
CP021827.1	.	662628	0	C	T	0.082	-1.970303e-01	2.462439e-01	-5.507732e+01	1.240026e+01	1.000000e+05	4.276539e-01	2.611197e-01	2.698638e-01
CP021827.1	.	663480	0	T	G	0.041	4.215321e-02	3.048982e-01	-5.570814e+01	6.307107e+00	1.000000e+05	8.906308e-01	9.726612e-01	9.728065e-01
CP021827.1	.	663639	0	T	C	0.041	2.114525e-01	3.130520e-01	-5.560856e+01	5.776848e+00	1.000000e+05	5.026966e-01	6.544534e-01	6.568372e-01
CP021827.1	.	702429	0	AT	A	0.347	1.481415e-01	1.585045e-01	-5.549354e+01	4.809270e+00	1.000000e+05	3.547614e-01	5.118018e-01	5.159182e-01
CP021827.1	.	703232	0	AGC	A	0.020	-4.601374e-01	4.320963e-01	-5.516193e+01	6.289604e+00	1.000000e+05	2.923637e-01	2.956736e-01	3.036843e-01
CP021827.1	.	704259	4	G	A	0.156	2.363076e-01	1.727075e-01	-5.471898e+01	6.857558e+00	1.000000e+05	1.777386e-01	1.594434e-01	1.702174e-01
CP021827.1	.	704277	0	G	A	0.082	-9.158155e-02	2.187421e-01	-5.565028e+01	6.259431e+00	1.000000e+05	6.773618e-01	7.324136e-01	7.340902e-01
CP021827.1	.	704633	0	C	G	0.204	-2.259002e-02	1.793352e-01	-5.561221e+01	7.258492e+00	1.000000e+05	9.002967e-01	6.604065e-01	6.627310e-01
CP021827.1	.	705509	1	C	T	0.229	2.638686e-01	1.542785e-01	-5.413895e+01	8.024301e+00	1.000000e+05	9.379759e-02	7.641454e-02	8.771926e-02
CP021827.1	.	707585	0	C	A	0.265	-9.549253e-02	1.533544e-01	-5.538799e+01	8.026911e+00	1.000000e+05	5.364968e-01	4.231795e-01	4.287099e-01
CP021827.1	.	707754	1	G	A	0.167	-6.613194e-02	1.613990e-01	-5.552583e+01	7.299810e+00	1.000000e+05	6.838568e-01	5.453035e-01	5.489554e-01
CP021827.1	.	707844	4	A	C	0.444	-1.913557e-02	1.382327e-01	-5.569933e+01	6.913794e+00	1.000000e+05	8.904919e-01	8.909365e-01	8.915326e-01
CP021827.1	.	708071	2	T	C	0.149	-9.146707e-02	1.647660e-01	-5.553909e+01	6.480495e+00	1.000000e+05	5.814363e-01	5.602519e-01	5.637085e-01
CP021827.1	.	708380	1	T	G	0.208	-3.809671e-02	1.545575e-01	-5.566595e+01	6.632676e+00	1.000000e+05	8.063772e-01	7.698934e-01	7.712779e-01
CP021827.1	.	708434	1	G	A	0.479	8.958488e-02	1.430258e-01	-5.560988e+01	6.174616e+00	1.000000e+05	5.341129e-01	6.565904e-01	6.589528e-01
CP021827.1	.	708442	1	G	A	0.479	1.048789e-01	1.397831e-01	-5.549923e+01	6.227313e+00	1.000000e+05	4.568154e-01	5.174376e-01	5.214732e-01
CP021827.1	.	708476	1	T	C	0.333	-1.377095e-01	1.406668e-01	-5.532047e+01	6.370025e+00	1.000000e+05	3.326042e-01	3.782086e-01	3.845594e-01
CP021827.1	.	708524	3	T	A	0.109	6.754609e-02	2.280539e-01	-5.552015e+01	7.678419e+00	1.000000e+05	7.683938e-01	5.391262e-01	5.428609e-01
CP021827.1	.	735678	0	T	A	0.020	5.010364e-01	3.579787e-01	-5.437292e+01	1.626055e+01	1.000000e+05	1.681912e-01	1.021519e-01	1.135529e-01
CP021827.1	.	735689	1	G	C	0.021	-9.305715e-02	3.548002e-01	-5.561581e+01	5.934466e+00	1.000000e+05	7.942514e-01	6.663987e-01	6.686645e-01
CP021827.1	.	770043	1	A	G	0.042	4.794396e-02	3.703065e-01	-5.570685e+01	6.672245e+00	1.000000e+05	8.975374e-01	9.511105e-01	9.513714e-01
CP021827.1	.	770137	3	C	T	0.413	4.264855e-02	1.416954e-01	-5.562996e+01	7.066970e+00	1.000000e+05	7.647516e-01	6.914338e-01	6.934640e-01
CP021827.1	.	773282	1	T	C	0.250	-6.645458e-02	1.491952e-01	-5.556376e+01	7.161602e+00	1.000000e+05	6.580609e-01	5.902587e-01	5.933448e-01
CP021827.1	.	773324	2	C	T	0.191	-1.464918e-01	1.732552e-01	-5.523805e+01	8.407988e+00	1.000000e+05	4.021012e-01	3.319278e-01	3.391883e-01
CP021827.1	.	773342	0	G	A	0.143	2.552344e-02	1.985144e-01	-5.569995e+01	6.941231e+00	1.000000e+05	8.982447e-01	8.946105e-01	8.951853e-01
CP021827.1	.	774022	0	A	T	0.061	3.226483e-01	2.424581e-01	-5.456112e+01	9.255209e+00	1.000000e+05	1.896954e-01	1.297733e-01	1.409684e-01
CP021827.1	.	777791	0	T	G	0.061	-4.829015e-02	3.218613e-01	-5.566309e+01	7.492804e+00	1.000000e+05	8.813798e-01	7.625618e-01	7.640013e-01
CP021827.1	.	778433	0	T	TC	0.061	1.960968e-02	2.812904e-01	-5.570867e+01	6.728751e+00	1.000000e+05	9.447176e-01	9.910355e-01	9.910830e-01
CP021827.1	.	778438	1	C	T	0.083	2.272928e-01	2.657073e-01	-5.544842e+01	5.810749e+00	1.000000e+05	3.966555e-01	4.705774e-01	4.753177e-01
CP021827.1	.	778447	3	C	G	0.239	2.738121e-02	1.628148e-01	-5.570758e+01	6.594669e+00	1.000000e+05	8.671681e-01	9.618183e-01	9.620216e-01
CP021827.1	.	778456	3	A	G	0.391	9.721157e-02	1.629306e-01	-5.558908e+01	6.745673e+00	1.000000e+05	5.536084e-01	6.247108e-01	6.274053e-01
CP021827.1	.	778462	1	G	A	0.458	2.519616e-02	1.582213e-01	-5.570836e+01	7.050491e+00	1.000000e+05	8.741572e-01	9.783706e-01	9.784855e-01
CP021827.1	.	778468	2	T	C	0.447	-1.329273e-01	1.440493e-01	-5.530470e+01	6.521343e+00	1.000000e+05	3.608297e-01	3.686930e-01	3.752257e-01
CP021827.1	.	778492	0	G	A	0.184	-2.090702e-01	1.604127e-01	-5.495585e+01	5.328175e+00	1.000000e+05	1.988118e-01	2.197869e-01	2.294058e-01
CP021827.1	.	778502	4	A	G	0.200	-3.809033e-01	1.659860e-01	-5.344511e+01	4.727531e+00	1.000000e+05	2.625649e-02	3.335941e-02	4.305045e-02
CP021827.1	.	778510	4	G	C	0.289	-3.355889e-01	1.479439e-01	-5.314781e+01	7.159200e+00	1.000000e+05	2.794338e-02	2.362649e-02	3.236256e-02
CP021827.1	.	793546	0	G	A	0.082	9.310078e-03	2.468673e-01	-5.566675e+01	6.791207e+00	1.000000e+05	9.700763e-01	7.720156e-01	7.733844e-01
CP021827.1	.	793560	0	C	G	0.163	2.682718e-01	1.928965e-01	-5.455651e+01	8.670592e+00	1.000000e+05	1.708498e-01	1.290054e-01	1.402091e-01
CP021827.1	.	793567	1	G	C	0.167	2.792582e-01	2.013143e-01	-5.474683e+01	6.678621e+00	1.000000e+05	1.719317e-01	1.654393e-01	1.761121e-01
CP021827.1	.	793579	2	A	G	0.149	2.168107e-01	2.228349e-01	-5.539327e+01	5.805527e+00	1.000000e+05	3.355513e-01	4.270221e-01	4.324856e-01
CP021827.1	.	793591	3	C	G	0.152	-9.151237e-02	2.073166e-01	-5.549606e+01	7.947149e+00	1.000000e+05	6.609377e-01	5.142810e-01	5.183617e-01
CP021827.1	.	809071	0	C	T	0.020	-2.049632e-01	3.588649e-01	-5.553481e+01	5.926948e+00	1.000000e+05	5.706238e-01	5.553422e-01	5.588622e-01
CP021827.1	.	958334	0	C	A	0.020	5.762657e-01	3.999459e-01	-5.446267e+01	8.412393e+00	1.000000e+05	1.562537e-01	1.144182e-01	1.257572e-01
CP021827.1	.	958352	2	G	GC	0.170	-1.866171e-01	1.676031e-01	-5.551377e+01	4.033667e+00	1.000000e+05	2.711788e-01	5.323463e-01	5.361734e-01
CP021827.1	.	962653	1	T	C	0.042	4.813638e-01	3.159712e-01	-5.424602e+01	1.321924e+01	1.000000e+05	1.343490e-01	8.719480e-02	9.858526e-02
CP021827.1	.	962660	0	T	C	0.041	8.449423e-01	2.991895e-01	-5.160995e+01	1.447346e+01	1.000000e+05	6.934300e-03	4.194684e-03	8.489518e-03
CP021827.1	.	962668	0	A	C	0.122	4.647635e-01	1.994668e-01	-5.294231e+01	7.653983e+00	1.000000e+05	2.414977e-02	1.866278e-02	2.672282e-02
CP021827.1	.	962673	0	T	C	0.143	1.624247e-01	1.889575e-01	-5.538406e+01	6.097254e+00	1.000000e+05	3.943820e-01	4.203474e-01	4.259275e-01
CP021827.1	.	962686	0	C	A	0.388	-5.193652e-02	1.403083e-01	-5.550180e+01	7.999202e+00	1.000000e+05	7.129261e-01	5.200170e-01	5.240160e-01
CP021827.1	.	1009532	0	AT	A	0.102	-3.120433e-01	2.080573e-01	-5.430618e+01	2.060496e+01	1.000000e+05	1.403553e-01	9.396547e-02	1.053742e-01
CP021827.1	.	1009548	0	G	A	0.041	3.345758e-01	3.248919e-01	-5.534590e+01	5.408082e+00	1.000000e+05	3.083713e-01	3.942931e-01	4.003429e-01
CP021827.1	.	1009563	0	T	C	0.061	-4.303245e-01	2.585180e-01	-5.410387e+01	1.167845e+01	1.000000e+05	1.026498e-01	7.320175e-02	8.446502e-02
CP021827.1	.	1009630	0	T	G	0.061	1.900796e-01	2.339907e-01	-5.537318e+01	6.469422e+00	1.000000e+05	4.206933e-01	4.126690e-01	4.183851e-01
CP021827.1	.	1010097	2	T	C	0.489	-2.185568e-01	1.320540e-01	-5.413274e+01	9.596273e+00	1.000000e+05	1.045764e-01	7.583470e-02	8.713254e-02
CP021827.1	.	1010789	3	T	C	0.326	1.318604e-01	1.445483e-01	-5.540870e+01	6.056918e+00	1.000000e+05	3.663062e-01	4.385540e-01	4.438197e-01
CP021827.1	.	1010932	2	C	T	0.383	9.072923e-03	1.365495e-01	-5.570379e+01	6.855491e+00	1.000000e+05	9.473060e-01	9.208517e-01	9.212782e-01
CP021827.1	.	1011310	1	C	T	0.188	1.328873e-01	1.622907e-01	-5.527326e+01	7.699492e+00	1.000000e+05	4.170200e-01	3.506959e-01	3.575802e-01
CP021827.1	.	1011356	0	A	G	0.184	8.538457e-03	1.727193e-01	-5.567617e+01	6.761024e+00	1.000000e+05	9.607818e-01	7.985772e-01	7.997557e-01
CP021827.1	.	1013618	0	C	G	0.367	1.256208e-01	1.407246e-01	-5.515210e+01	8.076103e+00	1.000000e+05	3.765812e-01	2.913736e-01	2.994749e-01
CP021827.1	.	1014176	0	G	A	0.102	-9.985563e-03	2.009382e-01	-5.570614e+01	6.516870e+00	1.000000e+05	9.605763e-01	9.426464e-01	9.429532e-01
CP021827.1	.	1014317	1	T	C	0.438	1.165146e-01	1.305250e-01	-5.557026e+01	4.875399e+00	1.000000e+05	3.765864e-01	5.987196e-01	6.017063e-01
CP021827.1	.	1014371	0	T	C	0.367	1.234153e-02	1.379954e-01	-5.570873e+01	6.787310e+00	1.000000e+05	9.291168e-01	9.999726e-01	9.999727e-01
CP021827.1	.	1014386	2	C	A	0.255	-8.647009e-03	1.580784e-01	-5.570848e+01	6.912246e+00	1.000000e+05	9.566087e-01	9.821280e-01	9.822229e-01
CP021827.1	.	1014455	2	T	C	0.362	3.557400e-02	1.379392e-01	-5.561679e+01	7.312993e+00	1.000000e+05	7.976129e-01	6.680600e-01	6.703096e-01
CP021827.1	.	1014461	0	A	G	0.286	-1.352012e-02	1.438815e-01	-5.569689e+01	6.598143e+00	1.000000e+05	9.255348e-01	8.777172e-01	8.783905e-01
CP021827.1	.	1084966	2	G	A	0.383	-2.002884e-01	1.276171e-01	-5.417104e+01	1.817163e+01	1.000000e+05	1.232524e-01	7.948597e-02	9.082306e-02
CP021827.1	.	1133218	2	G	T	0.021	-4.359884e-02	3.653673e-01	-5.569614e+01	5.887967e+00	1.000000e+05	9.055235e-01	8.739298e-01	8.746256e-01
CP021827.1	.	1173412	0	C	CGT	0.041	1.722616e-01	3.501569e-01	-5.560053e+01	6.895773e+00	1.000000e+05	6.250409e-01	6.417919e-01	6.443050e-01
CP021827.1	.	1173420	1	C	G	0.062	2.404172e-01	2.751444e-01	-5.538091e+01	6.275651e+00	1.000000e+05	3.866780e-01	4.181024e-01	4.237221e-01
CP021827.1	.	1173432	2	G	A	0.064	4.120612e-01	2.932888e-01	-5.479831e+01	6.164340e+00	1.000000e+05	1.666062e-01	1.772146e-01	1.876770e-01
CP021827.1	.	1173452	3	G	C	0.109	3.281187e-01	2.274291e-01	-5.477701e+01	5.564582e+00	1.000000e+05	1.557283e-01	1.722296e-01	1.827827e-01
CP021827.1	.	1189635	4	C	G	0.467	1.405284e-01	1.296316e-01	-5.510795e+01	6.593791e+00	1.000000e+05	2.838680e-01	2.730099e-01	2.815006e-01
CP021827.1	.	1199494	0	A	C	0.122	-2.867378e-01	1.962103e-01	-5.436945e+01	2.058773e+01	1.000000e+05	1.505652e-01	1.017074e-01	1.131095e-01
CP021827.1	.	1199501	0	T	C	0.102	2.819425e-03	2.207485e-01	-5.564914e+01	6.759991e+00	1.000000e+05	9.898637e-01	7.299338e-01	7.316308e-01
CP021827.1	.	1199524	0	T	G	0.082	-3.847932e-01	2.264898e-01	-5.399532e+01	1.989676e+01	1.000000e+05	9.594111e-02	6.414598e-02	7.524446e-02
CP021827.1	.	1199746	0	GAA	G	0.163	3.453213e-01	1.789093e-01	-5.386173e+01	5.821587e+00	1.000000e+05	5.963551e-02	5.460879e-02	6.543959e-02
CP021827.1	.	1200993	0	A	C	0.204	9.370065e-02	1.750017e-01	-5.560999e+01	6.369016e+00	1.000000e+05	5.948792e-01	6.567676e-01	6.591282e-01
CP021827.1	.	1201056	0	G	T	0.224	7.361831e-02	1.705757e-01	-5.566152e+01	6.454784e+00	1.000000e+05	6.680148e-01	7.586283e-01	7.600977e-01
CP021827.1	.	1201085	1	A	G	0.104	2.005713e-01	2.280537e-01	-5.527483e+01	6.381612e+00	1.000000e+05	3.836095e-01	3.515651e-01	3.584322e-01
CP021827.1	.	1201804	0	C	G	0.041	5.818610e-02	3.163770e-01	-5.569512e+01	6.652532e+00	1.000000e+05	8.548723e-01	8.689800e-01	8.697053e-01
CP021827.1	.	1202172	1	A	G	0.500	-1.865296e-01	1.328883e-01	-5.515103e+01	4.540518e+00	1.000000e+05	1.669941e-01	2.909098e-01	2.990208e-01
CP021827.1	.	1202352	3	A	G	0.391	-1.263494e-01	1.375102e-01	-5.532481e+01	6.348761e+00	1.000000e+05	3.628726e-01	3.808893e-01	3.871893e-01
CP021827.1	.	1202379	4	G	A	0.200	1.395177e-01	1.650039e-01	-5.511616e+01	9.533002e+00	1.000000e+05	4.020928e-01	2.763131e-01	2.847335e-01
CP021827.1	.	1202439	1	A	G	0.354	4.942976e-02	1.382524e-01	-5.544607e+01	8.127096e+00	1.000000e+05	7.222935e-01	4.685847e-01	4.733567e-01
CP021827.1	.	1202965	2	T	C	0.277	-4.417879e-03	1.523568e-01	-5.564724e+01	6.947185e+00	1.000000e+05	9.769898e-01	7.258259e-01	7.275568e-01
CP021827.1	.	1236030	1	C	A	0.396	1.762908e-01	1.296965e-01	-5.457442e+01	9.040252e+00	1.000000e+05	1.805521e-01	1.320174e-01	1.431864e-01
CP021827.1	.	1236099	1	C	G	0.375	-8.375116e-02	1.324224e-01	-5.539684e+01	7.254840e+00	1.000000e+05	5.301547e-01	4.296493e-01	4.350673e-01
CP021827.1	.	1236257	2	C	T	0.170	1.998632e-01	1.729352e-01	-5.513940e+01	5.638972e+00	1.000000e+05	2.536406e-01	2.859371e-01	2.941533e-01
CP021827.1	.	1236319	1	C	G	0.083	4.875501e-02	2.269151e-01	-5.570673e+01	6.416107e+00	1.000000e+05	8.308060e-01	9.495286e-01	9.497981e-01
CP021827.1	.	1236609	3	C	G	0.109	2.110304e-01	1.999164e-01	-5.527497e+01	5.273507e+00	1.000000e+05	2.965503e-01	3.516437e-01	3.585092e-01
CP021827.1	.	1236666	0	C	G	0.061	3.387762e-01	3.047800e-01	-5.532737e+01	5.013033e+00	1.000000e+05	2.719884e-01	3.824796e-01	3.887496e-01
CP021827.1	.	1236699	0	G	A	0.143	1.037228e-01	1.887037e-01	-5.568291e+01	5.397927e+00	1.000000e+05	5.851555e-01	8.202411e-01	8.212729e-01
CP021827.1	.	1236845	4	G	A	0.444	1.323667e-01	1.293155e-01	-5.529466e+01	5.823420e+00	1.000000e+05	3.112664e-01	3.628140e-01	3.694605e-01
CP021827.1	.	1236872	1	G	C	0.375	2.170172e-01	1.365954e-01	-5.479469e+01	4.938924e+00	1.000000e+05	1.188200e-01	1.763556e-01	1.868338e-01
CP021827.1	.	1237036	3	G	C	0.326	1.367449e-01	1.347836e-01	-5.488675e+01	1.156998e+01	1.000000e+05	3.155141e-01	1.997836e-01	2.098110e-01
CP021827.1	.	1237194	1	C	A	0.375	-9.345903e-02	1.343367e-01	-5.546984e+01	6.649908e+00	1.000000e+05	4.900382e-01	4.894266e-01	4.938743e-01
CP021827.1	.	1237501	1	T	G	0.104	-1.334652e-01	2.021149e-01	-5.561950e+01	5.591689e+00	1.000000e+05	5.122569e-01	6.726938e-01	6.748988e-01
CP021827.1	.	1238223	0	A	G	0.061	1.909667e-01	2.904258e-01	-5.558514e+01	6.136841e+00	1.000000e+05	5.140411e-01	6.190639e-01	6.218202e-01
CP021827.1	.	1238263	1	C	A	0.042	2.023987e-01	3.526265e-01	-5.559577e+01	6.377299e+00	1.000000e+05	5.687217e-01	6.345629e-01	6.371518e-01
CP021827.1	.	1238283	2	G	C	0.085	-1.206148e-01	2.694991e-01	-5.550618e+01	8.217050e+00	1.000000e+05	6.565328e-01	5.244695e-01	5.284058e-01
CP021827.1	.	1238301	3	A	G	0.109	-2.708762e-02	2.243096e-01	-5.566255e+01	7.095037e+00	1.000000e+05	9.043960e-01	7.612017e-01	7.626515e-01
CP021827.1	.	1238313	0	T	G	0.204	2.099516e-02	1.881840e-01	-5.569623e+01	7.232400e+00	1.000000e+05	9.116417e-01	8.743635e-01	8.750567e-01
CP021827.1	.	1238319	1	T	C	0.250	7.615600e-02	1.731239e-01	-5.563190e+01	6.883239e+00	1.000000e+05	6.620309e-01	6.950641e-01	6.970613e-01
CP021827.1	.	1238322	0	C	A	0.204	-4.591544e-02	1.759692e-01	-5.568951e+01	6.973417e+00	1.000000e+05	7.952873e-01	8.445537e-01	8.454289e-01
CP021827.1	.	1238349	0	G	C	0.367	1.075392e-01	1.409034e-01	-5.530425e+01	7.839097e+00	1.000000e+05	4.491508e-01	3.684293e-01	3.749671e-01
CP021827.1	.	1238355	3	G	C	0.283	-6.680704e-02	1.554189e-01	-5.560724e+01	7.007049e+00	1.000000e+05	6.692680e-01	6.523205e-01	6.547258e-01
CP021827.1	.	1238379	0	T	C	0.082	3.775633e-03	2.636169e-01	-5.570864e+01	6.964597e+00	1.000000e+05	9.886334e-01	9.891857e-01	9.892431e-01
CP021827.1	.	1238395	3	G	C	0.065	-5.229412e-02	2.875616e-01	-5.566149e+01	7.195381e+00	1.000000e+05	8.564796e-01	7.585541e-01	7.600241e-01
CP021827.1	.	1238403	3	G	C	0.174	1.609035e-04	1.966652e-01	-5.568590e+01	7.114979e+00	1.000000e+05	9.993507e-01	8.307877e-01	8.317506e-01
CP021827.1	.	1238424	1	C	T	0.146	-5.231605e-02	2.055120e-01	-5.561926e+01	7.630330e+00	1.000000e+05	8.001701e-01	6.722827e-01	6.744917e-01
CP021827.1	.	1238425	2	A	C	0.128	-1.610585e-02	2.087360e-01	-5.569372e+01	7.018514e+00	1.000000e+05	9.388246e-01	8.624385e-01	8.632034e-01
CP021827.1	.	1238532	1	C	A	0.438	2.251734e-01	1.306492e-01	-5.411798e+01	8.856841e+00	1.000000e+05	9.137221e-02	7.447670e-02	8.575739e-02
CP021827.1	.	1238748	3	C	A	0.065	-9.161362e-02	2.462477e-01	-5.551488e+01	7.115775e+00	1.000000e+05	7.115365e-01	5.335075e-01	5.373186e-01
CP021827.1	.	1238771	0	CGG	C	0.306	-1.509369e-01	1.434872e-01	-5.495381e+01	9.579956e+00	1.000000e+05	2.982152e-01	2.191645e-01	2.287963e-01
CP021827.1	.	1238774	2	CAG	C	0.447	-8.597929e-02	1.310731e-01	-5.532430e+01	8.189940e+00	1.000000e+05	5.150455e-01	3.805688e-01	3.868749e-01
CP021827.1	.	1238784	2	T	C	0.213	-1.750711e-01	1.669470e-01	-5.484750e+01	1.481707e+01	1.000000e+05	2.996961e-01	1.893764e-01	1.996087e-01
CP021827.1	.	1238814	4	G	T	0.133	-1.610719e-01	1.940184e-01	-5.512310e+01	9.636884e+00	1.000000e+05	4.106293e-01	2.791414e-01	2.875016e-01
CP021827.1	.	1251680	0	A	G	0.122	2.625575e-01	1.881210e-01	-5.492263e+01	4.944597e+00	1.000000e+05	1.693686e-01	2.098876e-01	2.197107e-01
CP021827.1	.	1251716	0	A	G	0.102	-1.253887e-01	2.197037e-01	-5.541391e+01	8.034232e+00	1.000000e+05	5.709099e-01	4.425598e-01	4.477577e-01
CP021827.1	.	1251722	0	A	G	0.163	-1.961285e-01	1.780884e-01	-5.492035e+01	8.393340e+00	1.000000e+05	2.763747e-01	2.092283e-01	2.190649e-01
CP021827.1	.	1251737	1	A	G	0.083	-2.277482e-01	2.410710e-01	-5.508191e+01	8.576353e+00	1.000000e+05	3.496258e-01	2.628595e-01	2.715664e-01
CP021827.1	.	1251743	1	G	A	0.062	9.904054e-02	2.737088e-01	-5.567415e+01	6.434943e+00	1.000000e+05	7.190886e-01	7.925638e-01	7.937843e-01
CP021827.1	.	1251808	2	C	T	0.447	9.306733e-02	1.283956e-01	-5.533605e+01	7.961542e+00	1.000000e+05	4.721386e-01	3.879527e-01	3.941201e-01
CP021827.1	.	1251859	2	G	C	0.128	7.552858e-02	2.050983e-01	-5.567677e+01	6.458333e+00	1.000000e+05	7.143362e-01	8.004134e-01	8.015791e-01
CP021827.1	.	1272656	0	A	C	0.082	3.583598e-01	2.495991e-01	-5.457907e+01	7.392648e+00	1.000000e+05	1.576983e-01	1.328119e-01	1.439714e-01
CP021828.1	.	162459	4	AAAGT	A	0.289	-7.449951e-02	1.765457e-01	-5.544515e+01	8.923269e+00	1.000000e+05	6.749605e-01	4.678001e-01	4.725845e-01
CP021828.1	.	164965	0	C	CCG	0.306	2.187442e-01	1.447567e-01	-5.464162e+01	6.436471e+00	1.000000e+05	1.374536e-01	1.440430e-01	1.550547e-01
CP021828.1	.	168101	0	G	GT	0.020	1.711290e-01	4.087230e-01	-5.565777e+01	6.033182e+00	1.000000e+05	6.773485e-01	7.495523e-01	7.510918e-01
CP021828.1	.	189160	2	A	G	0.021	-6.181346e-01	4.582076e-01	-5.457672e+01	1.040064e+01	1.000000e+05	1.837919e-01	1.324101e-01	1.435745e-01
CP021828.1	.	195354	0	G	GCA	0.041	6.365627e-01	3.412422e-01	-5.405695e+01	5.990635e+00	1.000000e+05	6.837037e-02	6.912968e-02	8.032819e-02
CP021828.1	.	195381	0	A	G	0.020	4.397926e-01	4.536375e-01	-5.514566e+01	7.611127e+00	1.000000e+05	3.372684e-01	2.886008e-01	2.967606e-01
CP021828.1	.	220772	1	C	CTT	0.062	2.928887e-01	2.681076e-01	-5.518558e+01	5.743369e+00	1.000000e+05	2.802123e-01	3.063595e-01	3.141463e-01
CP021828.1	.	225129	0	T	C	0.020	7.830792e-01	4.891796e-01	-5.449844e+01	6.144361e+00	1.000000e+05	1.161221e-01	1.197509e-01	1.310472e-01
CP021828.1	.	225887	0	A	T	0.020	2.232225e-01	3.618667e-01	-5.541225e+01	6.581062e+00	1.000000e+05	5.403014e-01	4.412761e-01	4.464957e-01
CP021828.1	.	225895	3	C	A	0.022	-4.904191e-01	3.291266e-01	-5.442593e+01	6.617819e+00	1.000000e+05	1.428887e-01	1.092114e-01	1.205832e-01
CP021828.1	.	225933	0	G	GGC	0.082	-1.636996e-01	2.476923e-01	-5.539789e+01	7.951967e+00	1.000000e+05	5.119039e-01	4.304223e-01	4.358270e-01
CP021828.1	.	227899	0	A	C	0.020	6.849041e-01	3.851367e-01	-5.390872e+01	7.573364e+00	1.000000e+05	8.181707e-02	5.777865e-02	6.871083e-02
CP021828.1	.	227901	0	G	T	0.041	-4.442321e-02	2.837601e-01	-5.570735e+01	5.917565e+00	1.000000e+05	8.762685e-01	9.581405e-01	9.583636e-01
CP021828.1	.	245493	0	GGC	G	0.041	5.239197e-01	2.768906e-01	-5.371469e+01	4.157409e+01	1.000000e+05	6.463960e-02	4.582335e-02	5.629439e-02
CP021828.1	.	245841	1	GT	G	0.375	-1.138119e-01	1.445264e-01	-5.547217e+01	6.138609e+00	1.000000e+05	4.349535e-01	4.915552e-01	4.959707e-01
CP021828.1	.	247174	1	T	C	0.104	2.599946e-01	1.789882e-01	-5.432169e+01	1.089873e+01	1.000000e+05	1.529844e-01	9.580149e-02	1.072112e-01
CP021828.1	.	247211	0	T	G	0.367	-7.041782e-04	1.407315e-01	-5.570589e+01	6.916533e+00	1.000000e+05	9.960288e-01	9.399856e-01	9.403068e-01
CP021828.1	.	247240	0	C	CT	0.449	-9.960049e-02	1.478526e-01	-5.540202e+01	7.724738e+00	1.000000e+05	5.038351e-01	4.335016e-01	4.388533e-01
CP021828.1	.	247256	0	T	C	0.429	2.877475e-02	1.462512e-01	-5.570162e+01	7.028713e+00	1.000000e+05	8.448724e-01	9.051129e-01	9.056278e-01
CP021828.1	.	247264	0	G	T	0.020	1.513937e-01	4.338764e-01	-5.568112e+01	6.156668e+00	1.000000e+05	7.286982e-01	8.142261e-01	8.152979e-01
CP021828.1	.	247278	0	A	C	0.020	2.323995e-02	4.173668e-01	-5.570873e+01	6.474118e+00	1.000000e+05	9.558309e-01	9.990257e-01	9.990309e-01
CP021828.1	.	249146	0	ATT	A	0.347	-1.140352e-01	1.347426e-01	-5.535975e+01	6.556389e+00	1.000000e+05	4.016635e-01	4.034728e-01	4.093545e-01
CP021828.1	.	256680	3	CG	C	0.283	-2.388097e-02	1.580185e-01	-5.570768e+01	6.808131e+00	1.000000e+05	8.805218e-01	9.634222e-01	9.636169e-01
CP021828.1	.	267152	0	CG	C	0.082	-1.146874e-01	2.500147e-01	-5.542527e+01	8.587678e+00	1.000000e+05	6.485478e-01	4.514867e-01	4.565359e-01
CP021828.1	.	267473	2	C	T	0.085	1.785433e-01	2.320478e-01	-5.550271e+01	5.759344e+00	1.000000e+05	4.454910e-01	5.209340e-01	5.249201e-01
CP021828.1	.	267491	0	C	G	0.041	-5.108860e-02	2.770707e-01	-5.570210e+01	6.065315e+00	1.000000e+05	8.545022e-01	9.083578e-01	9.088543e-01
CP021828.1	.	267541	3	G	GGT	0.435	-7.488905e-02	1.443879e-01	-5.568434e+01	5.668925e+00	1.000000e+05	6.064275e-01	8.252012e-01	8.262004e-01
CP021828.1	.	267546	3	C	CG	0.413	-5.722170e-02	1.470512e-01	-5.570778e+01	5.628466e+00	1.000000e+05	6.989390e-01	9.652333e-01	9.654183e-01
CP021828.1	.	268239	0	C	CGA	0.367	2.226682e-02	1.385214e-01	-5.567917e+01	7.013034e+00	1.000000e+05	8.729821e-01	8.078903e-01	8.090049e-01
CP021828.1	.	272788	0	A	AC	0.061	3.470237e-01	2.094909e-01	-5.401380e+01	1.225189e+01	1.000000e+05	1.042806e-01	6.559855e-02	7.672872e-02
CP021828.1	.	278508	0	G	GT	0.020	-1.711679e-01	3.577391e-01	-5.562294e+01	5.662776e+00	1.000000e+05	6.345330e-01	6.787179e-01	6.808658e-01
CP021828.1	.	281319	0	C	A	0.082	2.061089e-02	1.989566e-01	-5.568092e+01	6.300393e+00	1.000000e+05	9.179316e-01	8.135586e-01	8.146349e-01
CP021828.1	.	284748	0	T	G	0.204	7.993067e-02	1.794390e-01	-5.558962e+01	6.830326e+00	1.000000e+05	6.580414e-01	6.254985e-01	6.281844e-01
CP021828.1	.	284766	1	C	A	0.292	-8.878924e-02	1.609435e-01	-5.552612e+01	7.287674e+00	1.000000e+05	5.837816e-01	5.456175e-01	5.492652e-01
CP021828.1	.	284773	1	T	C	0.354	1.579241e-01	1.572333e-01	-5.526454e+01	6.392062e+00	1.000000e+05	3.203322e-01	3.459154e-01	3.528947e-01
CP021828.1	.	284794	1	A	G	0.354	-1.715713e-02	1.556055e-01	-5.565691e+01	7.338058e+00	1.000000e+05	9.126723e-01	7.475116e-01	7.490672e-01
CP021828.1	.	284848	0	T	C	0.061	8.238085e-03	2.843349e-01	-5.567472e+01	6.680351e+00	1.000000e+05	9.770087e-01	7.942410e-01	7.954497e-01
CP021828.1	.	284860	0	G	A	0.020	3.093092e-01	4.380361e-01	-5.550498e+01	6.189289e+00	1.000000e+05	4.835948e-01	5.232413e-01	5.271949e-01
CP021828.1	.	285106	0	C	G	0.204	-3.957157e-02	1.721974e-01	-5.558589e+01	7.546698e+00	1.000000e+05	8.192417e-01	6.201392e-01	6.228837e-01
CP021828.1	.	285187	0	G	C	0.041	7.085071e-02	3.146199e-01	-5.568513e+01	6.662531e+00	1.000000e+05	8.228042e-01	8.280303e-01	8.290111e-01
CP021828.1	.	285282	2	C	T	0.043	6.428419e-01	3.210605e-01	-5.405964e+01	4.833294e+00	1.000000e+05	5.104728e-02	6.935716e-02	8.055967e-02
CP021828.1	.	285298	2	A	G	0.064	5.887941e-01	2.613943e-01	-5.349117e+01	4.970822e+00	1.000000e+05	2.899948e-02	3.520699e-02	4.503934e-02
CP021828.1	.	285301	3	A	G	0.087	3.381281e-01	2.146515e-01	-5.441526e+01	6.780360e+00	1.000000e+05	1.219086e-01	1.077486e-01	1.191281e-01
CP021828.1	.	288053	1	GCC	G	0.167	2.508743e-01	1.821419e-01	-5.493176e+01	5.540524e+00	1.000000e+05	1.749264e-01	2.125558e-01	2.223242e-01
CP021828.1	.	288056	1	A	C	0.146	3.310651e-01	2.038298e-01	-5.448965e+01	5.716431e+00	1.000000e+05	1.110167e-01	1.184156e-01	1.297234e-01
CP021828.1	.	288081	1	CGCGAGT	C	0.062	5.280936e-01	2.732001e-01	-5.381264e+01	6.528760e+00	1.000000e+05	5.927460e-02	5.149254e-02	6.220992e-02
CP021828.1	.	291191	0	C	CG	0.449	3.009342e-01	1.521666e-01	-5.401857e+01	4.425718e+00	1.000000e+05	5.384720e-02	6.597908e-02	7.711720e-02
CP021828.1	.	292665	2	TA	T	0.447	7.946320e-02	1.433644e-01	-5.552177e+01	7.023354e+00	1.000000e+05	5.820191e-01	5.408791e-01	5.445901e-01
CP021828.1	.	296579	3	T	TC	0.065	-2.343684e-01	2.398779e-01	-5.496410e+01	9.870249e+00	1.000000e+05	3.335556e-01	2.223310e-01	2.318969e-01
CP021828.1	.	297100	0	A	T	0.041	-4.096446e-01	2.859335e-01	-5.485881e+01	5.559051e+00	1.000000e+05	1.585741e-01	1.923094e-01	2.024847e-01
CP021828.1	.	297103	0	A	T	0.020	1.232223e-01	4.255255e-01	-5.569355e+01	6.333345e+00	1.000000e+05	7.734137e-01	8.617004e-01	8.624697e-01
CP021828.1	.	297736	0	A	G	0.184	1.563106e-01	1.685116e-01	-5.532527e+01	6.475342e+00	1.000000e+05	3.583566e-01	3.811724e-01	3.874671e-01
CP021828.1	.	297754	2	A	G	0.085	2.007023e-01	2.191786e-01	-5.539069e+01	5.911631e+00	1.000000e+05	3.644977e-01	4.251319e-01	4.306282e-01
CP021828.1	.	297802	1	G	A	0.021	-1.113703e-02	4.496443e-01	-5.570701e+01	6.570638e+00	1.000000e+05	9.803445e-01	9.532454e-01	9.534948e-01
CP021828.1	.	298110	0	G	C	0.224	-1.207019e-01	1.494401e-01	-5.525844e+01	8.109350e+00	1.000000e+05	4.233358e-01	3.426266e-01	3.496715e-01
CP021828.1	.	298986	0	T	C	0.020	-4.792614e-01	3.901091e-01	-5.469082e+01	9.563085e+00	1.000000e+05	2.253637e-01	1.536313e-01	1.644991e-01
CP021828.1	.	299051	2	C	T	0.043	3.221550e-01	3.263460e-01	-5.537749e+01	5.473073e+00	1.000000e+05	3.286202e-01	4.156890e-01	4.213514e-01
CP021828.1	.	300818	2	A	G	0.340	-2.434696e-02	1.346376e-01	-5.569968e+01	6.585825e+00	1.000000e+05	8.572759e-01	8.929958e-01	8.935800e-01
CP021828.1	.	301039	4	A	C	0.044	-1.824172e-01	3.283388e-01	-5.561435e+01	6.159000e+00	1.000000e+05	5.811358e-01	6.639553e-01	6.662449e-01
CP021828.1	.	301132	0	T	C	0.449	6.023543e-03	1.312162e-01	-5.570821e+01	6.720705e+00	1.000000e+05	9.635801e-01	9.744187e-01	9.745546e-01
CP021828.1	.	301231	0	G	A	0.184	-1.175326e-01	1.689030e-01	-5.557504e+01	6.049301e+00	1.000000e+05	4.899442e-01	6.050994e-01	6.080125e-01
CP021828.1	.	301273	3	C	T	0.087	1.478137e-01	2.568506e-01	-5.560059e+01	6.260175e+00	1.000000e+05	5.677085e-01	6.418834e-01	6.443955e-01
CP021828.1	.	301297	0	A	G	0.061	2.635335e-01	2.929563e-01	-5.532464e+01	6.599739e+00	1.000000e+05	3.729372e-01	3.807824e-01	3.870844e-01
CP021828.1	.	301548	0	C	T	0.102	2.002632e-01	2.028769e-01	-5.498459e+01	8.747310e+00	1.000000e+05	3.286401e-01	2.288051e-01	2.382354e-01
CP021828.1	.	301581	0	T	C	0.102	2.374496e-01	2.160774e-01	-5.538694e+01	4.862140e+00	1.000000e+05	2.774048e-01	4.224168e-01	4.279606e-01
CP021828.1	.	302464	0	G	T	0.061	-3.408022e-01	2.207377e-01	-5.446543e+01	6.737749e+00	1.000000e+05	1.293139e-01	1.148196e-01	1.261557e-01
CP021828.1	.	360934	0	T	C	0.020	-1.707819e-01	5.122471e-01	-5.567591e+01	6.909438e+00	1.000000e+05	7.403171e-01	7.977925e-01	7.989764e-01
CP021828.1	.	364930	2	A	G	0.043	-4.749540e-02	3.029510e-01	-5.570691e+01	6.251584e+00	1.000000e+05	8.760930e-01	9.519315e-01	9.521879e-01
CP021828.1	.	364939	1	G	A	0.083	-1.259223e-01	2.081574e-01	-5.547692e+01	6.460026e+00	1.000000e+05	5.481300e-01	4.959372e-01	5.002867e-01
CP021828.1	.	365005	0	G	A	0.020	-1.890647e-01	3.924154e-01	-5.565126e+01	5.802191e+00	1.000000e+05	6.321859e-01	7.345998e-01	7.362586e-01
CP021828.1	.	365016	1	C	G	0.042	-1.485027e-01	2.773870e-01	-5.564907e+01	5.604782e+00	1.000000e+05	5.949232e-01	7.297741e-01	7.314724e-01
CP021828.1	.	365134	0	T	G	0.061	-7.740081e-02	2.446696e-01	-5.560203e+01	6.694866e+00	1.000000e+05	7.531389e-01	6.441113e-01	6.466004e-01
CP021828.1	.	365146	1	G	A	0.104	1.041407e-01	2.116823e-01	-5.569415e+01	5.708844e+00	1.000000e+05	6.250328e-01	8.644199e-01	8.651727e-01
CP021828.1	.	365169	0	T	A	0.061	-3.449979e-02	2.588471e-01	-5.570015e+01	6.569864e+00	1.000000e+05	8.945390e-01	8.957580e-01	8.963263e-01
CP021828.1	.	365170	0	T	G	0.041	3.479127e-01	3.370016e-01	-5.523227e+01	6.188584e+00	1.000000e+05	3.071788e-01	3.289785e-01	3.362990e-01
CP021828.1	.	365221	0	A	G	0.224	-1.158864e-01	1.489765e-01	-5.566870e+01	4.807712e+00	1.000000e+05	4.405356e-01	7.772130e-01	7.785435e-01
CP021828.1	.	365233	3	T	G	0.370	2.425451e-01	1.422587e-01	-5.429996e+01	6.681266e+00	1.000000e+05	9.480476e-02	9.323968e-02	1.046476e-01
CP021828.1	.	365248	2	A	G	0.191	3.877065e-01	1.650769e-01	-5.372139e+01	4.003596e+00	1.000000e+05	2.309915e-02	4.618948e-02	5.667815e-02
CP021828.1	.	365251	4	T	C	0.178	3.065286e-01	1.761932e-01	-5.431191e+01	5.690338e+00	1.000000e+05	8.845194e-02	9.463898e-02	1.060483e-01
CP021828.1	.	365254	2	A	G	0.149	2.335996e-01	1.957443e-01	-5.501645e+01	5.979721e+00	1.000000e+05	2.387055e-01	2.393251e-01	2.485332e-01
CP021828.1	.	365264	2	G	C	0.468	-8.861874e-02	1.457444e-01	-5.570807e+01	4.707029e+00	1.000000e+05	5.460867e-01	9.710447e-01	9.711986e-01
CP021828.1	.	365296	3	A	G	0.261	3.272143e-01	1.767222e-01	-5.403945e+01	6.604155e+00	1.000000e+05	7.037513e-02	6.767410e-02	7.884588e-02
CP021828.1	.	365299	1	A	G	0.354	2.558608e-01	1.470132e-01	-5.492374e+01	3.808922e+00	1.000000e+05	8.833430e-02	2.102108e-01	2.200273e-01
CP021828.1	.	365326	2	A	G	0.277	2.202376e-01	1.706868e-01	-5.479543e+01	6.956478e+00	1.000000e+05	2.032578e-01	1.765306e-01	1.870056e-01
CP021828.1	.	365329	2	G	C	0.468	6.481567e-02	1.370800e-01	-5.551951e+01	7.195984e+00	1.000000e+05	6.385223e-01	5.384431e-01	5.421870e-01
CP021828.1	.	365413	3	T	A	0.174	-2.668277e-02	1.852747e-01	-5.569023e+01	6.836961e+00	1.000000e+05	8.861025e-01	8.474670e-01	8.483240e-01
CP021828.1	.	365437	0	G	T	0.041	3.542597e-02	3.156789e-01	-5.570388e+01	6.434729e+00	1.000000e+05	9.111257e-01	9.215556e-01	9.219782e-01
CP021828.1	.	365455	2	A	G	0.213	6.525614e-02	1.791062e-01	-5.570846e+01	5.938336e+00	1.000000e+05	7.172357e-01	9.815575e-01	9.816554e-01
CP021828.1	.	365462	2	C	G	0.191	2.584188e-01	1.943150e-01	-5.509798e+01	4.917058e+00	1.000000e+05	1.899705e-01	2.690689e-01	2.776435e-01
CP021828.1	.	365470	3	T	C	0.217	7.626613e-02	1.851838e-01	-5.563290e+01	6.833340e+00	1.000000e+05	6.823288e-01	6.969617e-01	6.989419e-01
CP021828.1	.	365473	4	C	T	0.178	1.754370e-01	2.013624e-01	-5.547247e+01	5.714576e+00	1.000000e+05	3.880465e-01	4.918281e-01	4.962395e-01
CP021828.1	.	365506	1	A	G	0.188	2.542046e-01	1.744302e-01	-5.446292e+01	8.113398e+00	1.000000e+05	1.516713e-01	1.144543e-01	1.257930e-01
CP021828.1	.	365512	0	A	G	0.347	2.017789e-01	1.394748e-01	-5.461365e+01	6.421366e+00	1.000000e+05	1.546163e-01	1.388952e-01	1.499777e-01
CP021828.1	.	365529	3	A	C	0.457	3.061730e-02	1.461747e-01	-5.564924e+01	7.111126e+00	1.000000e+05	8.349968e-01	7.301386e-01	7.318338e-01
CP021828.1	.	365581	3	G	T	0.326	-2.563351e-01	1.522053e-01	-5.431652e+01	7.263614e+00	1.000000e+05	9.878535e-02	9.518540e-02	1.065950e-01
CP021828.1	.	365593	0	G	A	0.143	3.733037e-03	1.890272e-01	-5.567858e+01	6.840502e+00	1.000000e+05	9.843275e-01	8.060199e-01	8.071472e-01
CP021828.1	.	365602	1	A	G	0.146	-2.365118e-01	2.034990e-01	-5.497181e+01	7.639767e+00	1.000000e+05	2.510115e-01	2.247421e-01	2.342575e-01
CP021828.1	.	365605	0	T	G	0.082	-1.994631e-01	2.611424e-01	-5.531681e+01	8.241821e+00	1.000000e+05	4.487981e-01	3.759685e-01	3.823619e-01
CP021828.1	.	365659	0	A	G	0.041	-5.274862e-01	3.057111e-01	-5.406001e+01	8.444640e+00	1.000000e+05	9.101855e-02	6.938833e-02	8.059139e-02
CP021828.1	.	365733	1	G	T	0.333	1.638394e-01	1.543855e-01	-5.517502e+01	6.243672e+00	1.000000e+05	2.940056e-01	3.015287e-01	3.094165e-01
CP021828.1	.	365740	2	G	A	0.255	1.110129e-01	1.783597e-01	-5.557901e+01	6.262427e+00	1.000000e+05	5.366804e-01	6.105074e-01	6.133590e-01
CP021828.1	.	365743	4	G	C	0.267	2.531713e-01	1.807215e-01	-5.464312e+01	6.818194e+00	1.000000e+05	1.678146e-01	1.443263e-01	1.553339e-01
CP021828.1	.	365766	0	T	C	0.224	-9.663755e-02	1.739323e-01	-5.552112e+01	7.337916e+00	1.000000e+05	5.811166e-01	5.401774e-01	5.438979e-01
CP021828.1	.	365781	0	T	C	0.041	3.750874e-01	3.125470e-01	-5.492998e+01	6.727328e+00	1.000000e+05	2.361152e-01	2.120309e-01	2.218100e-01
CP021828.1	.	365794	2	A	G	0.064	4.156188e-01	2.609769e-01	-5.429360e+01	7.410741e+00	1.000000e+05	1.179652e-01	9.250340e-02	1.039103e-01
CP021828.1	.	365824	4	G	C	0.044	3.510554e-01	3.495277e-01	-5.535982e+01	5.465354e+00	1.000000e+05	3.203431e-01	4.035184e-01	4.093992e-01
CP021828.1	.	365839	2	G	A	0.191	-6.793970e-04	1.802021e-01	-5.570606e+01	7.014101e+00	1.000000e+05	9.970078e-01	9.417050e-01	9.420169e-01
CP021828.1	.	365881	3	C	A	0.109	-3.144146e-01	1.962590e-01	-5.436549e+01	7.358925e+00	1.000000e+05	1.158475e-01	1.012033e-01	1.126067e-01
CP021828.1	.	365899	1	C	G	0.438	-3.009986e-01	1.368080e-01	-5.320504e+01	1.064109e+01	1.000000e+05	3.274733e-02	2.523955e-02	3.416317e-02
CP021828.1	.	365931	4	C	T	0.333	-2.839997e-01	1.620883e-01	-5.393321e+01	1.348976e+01	1.000000e+05	8.627397e-02	5.950830e-02	7.049035e-02
CP021828.1	.	392642	2	A	G	0.489	-5.020062e-02	1.308094e-01	-5.568201e+01	6.288817e+00	1.000000e+05	7.028802e-01	8.171999e-01	8.182519e-01
CP021828.1	.	392819	0	G	C	0.224	3.445473e-01	1.553231e-01	-5.350687e+01	5.030548e+00	1.000000e+05	3.140531e-02	3.586069e-02	4.574058e-02
CP021828.1	.	626056	1	C	T	0.125	-6.142781e-02	2.390089e-01	-5.561645e+01	7.633752e+00	1.000000e+05	7.982924e-01	6.674777e-01	6.697329e-01
CP021828.1	.	626067	0	AG	A	0.143	3.572612e-02	2.196456e-01	-5.570864e+01	6.963843e+00	1.000000e+05	8.714886e-01	9.893078e-01	9.893645e-01
CP021828.1	.	626086	1	C	T	0.167	9.677927e-03	2.077491e-01	-5.570658e+01	7.070169e+00	1.000000e+05	9.630416e-01	9.477543e-01	9.480334e-01
CP021828.1	.	626107	3	C	T	0.217	1.492092e-02	1.759879e-01	-5.567372e+01	6.921399e+00	1.000000e+05	9.327934e-01	7.913204e-01	7.925496e-01
CP021828.1	.	626113	3	T	C	0.196	5.550662e-02	2.009548e-01	-5.561273e+01	7.488918e+00	1.000000e+05	7.835943e-01	6.612588e-01	6.635749e-01
CP021828.1	.	626140	2	C	G	0.064	-1.113807e-01	2.606576e-01	-5.564539e+01	6.456321e+00	1.000000e+05	6.711076e-01	7.219104e-01	7.236741e-01
CP021828.1	.	626152	0	G	A	0.204	-9.488398e-02	2.051242e-01	-5.566689e+01	6.721900e+00	1.000000e+05	6.458083e-01	7.723673e-01	7.737335e-01
CP021828.1	.	626167	2	C	T	0.255	-2.477807e-01	1.615611e-01	-5.509290e+01	4.506180e+00	1.000000e+05	1.318165e-01	2.670843e-01	2.757012e-01
CP021828.1	.	626170	3	C	G	0.217	-2.998820e-01	1.930192e-01	-5.466834e+01	6.414837e+00	1.000000e+05	1.269792e-01	1.491638e-01	1.601004e-01
CP021828.1	.	626221	0	C	G	0.490	-1.367930e-01	1.529895e-01	-5.530826e+01	6.559844e+00	1.000000e+05	3.758065e-01	3.708106e-01	3.773026e-01
CP021828.1	.	626227	1	T	C	0.479	1.946673e-01	1.637016e-01	-5.502204e+01	6.517774e+00	1.000000e+05	2.403502e-01	2.412312e-01	2.503988e-01
CP021828.1	.	626260	2	C	T	0.489	-1.913678e-01	1.624602e-01	-5.541251e+01	4.497796e+00	1.000000e+05	2.447520e-01	4.414748e-01	4.466911e-01
CP021828.1	.	626271	0	T	TC	0.469	1.791186e-01	1.668945e-01	-5.559325e+01	4.038789e+00	1.000000e+05	2.886410e-01	6.308118e-01	6.334406e-01
CP021828.1	.	626284	3	A	C	0.435	4.981697e-01	1.752210e-01	-5.331566e+01	2.473651e+00	1.000000e+05	6.592089e-03	2.868980e-02	3.797210e-02
CP021828.1	.	626286	3	A	C	0.457	3.203456e-01	1.725522e-01	-5.526342e+01	2.606183e+00	1.000000e+05	6.965455e-02	3.453101e-01	3.523014e-01
CP021828.1	.	626293	0	T	C	0.388	3.618290e-01	1.866634e-01	-5.443472e+01	3.965951e+00	1.000000e+05	5.859309e-02	1.104328e-01	1.217978e-01
CP021828.1	.	626298	1	C	T	0.438	1.866700e-01	1.730789e-01	-5.528807e+01	5.189412e+00	1.000000e+05	2.863037e-01	3.590179e-01	3.657384e-01
CP021828.1	.	626305	2	A	G	0.383	2.290393e-01	1.869035e-01	-5.541298e+01	4.161600e+00	1.000000e+05	2.265146e-01	4.418434e-01	4.470534e-01
CP021828.1	.	626308	1	G	T	0.396	3.216208e-01	1.573522e-01	-5.467747e+01	2.730131e+00	1.000000e+05	4.658422e-02	1.509615e-01	1.618708e-01
CP021828.1	.	661775	1	C	T	0.208	-1.267416e-01	1.582784e-01	-5.549174e+01	6.029104e+00	1.000000e+05	4.273049e-01	5.100411e-01	5.141829e-01
CP021828.1	.	897897	1	T	C	0.021	-1.580126e-01	4.556372e-01	-5.558751e+01	7.215306e+00	1.000000e+05	7.302935e-01	6.224513e-01	6.251704e-01
CP021828.1	.	898518	0	G	C	0.041	2.002249e-01	3.064321e-01	-5.552979e+01	6.305340e+00	1.000000e+05	5.166779e-01	5.496877e-01	5.532816e-01
CP021828.1	.	911042	0	A	T	0.020	1.255587e-01	4.077548e-01	-5.549138e+01	7.626595e+00	1.000000e+05	7.594984e-01	5.096900e-01	5.138369e-01
CP021828.1	.	994802	1	C	T	0.062	2.708197e-01	2.452175e-01	-5.491677e+01	8.655142e+00	1.000000e+05	2.750390e-01	2.081969e-01	2.180545e-01
CP021828.1	.	994803	0	A	C	0.061	2.780919e-01	2.265526e-01	-5.498595e+01	6.417051e+00	1.000000e+05	2.257497e-01	2.292416e-01	2.386627e-01
CP021828.1	.	995452	0	T	C	0.041	2.823641e-02	3.280020e-01	-5.567963e+01	6.496101e+00	1.000000e+05	9.317637e-01	8.093621e-01	8.104667e-01
CP021828.1	.	1322288	2	C	G	0.021	1.328617e-01	4.908973e-01	-5.561191e+01	7.414539e+00	1.000000e+05	7.878447e-01	6.599086e-01	6.622380e-01
CP021828.1	.	1322354	0	G	A	0.041	5.031108e-01	3.605824e-01	-5.459910e+01	8.407535e+00	1.000000e+05	1.694919e-01	1.362992e-01	1.474155e-01
CP021828.1	.	1452970	0	G	T	0.020	-3.082715e-01	4.323075e-01	-5.526442e+01	8.639110e+00	1.000000e+05	4.793196e-01	3.458497e-01	3.528303e-01
CP021828.1	.	1452986	2	CA	C	0.064	5.524509e-01	2.719085e-01	-5.372527e+01	5.950229e+00	1.000000e+05	4.785336e-02	4.640276e-02	5.690159e-02
CP021828.1	.	1471780	2	G	A	0.468	-6.606221e-02	1.311270e-01	-5.555883e+01	6.907505e+00	1.000000e+05	6.167531e-01	5.840052e-01	5.871661e-01
