chr	rs	ps	n_miss	allele1	allele0	af	beta	se	logl_H1	l_remle	l_mle	p_wald	p_lrt	p_score
CP021825.1	.	10624	0	T	TCTGGCCGGACG	0.184	-4.606077e-01	1.718167e-01	-5.925347e+01	3.304015e+00	1.000000e+05	1.009736e-02	3.713941e-03	7.768696e-03
CP021825.1	.	218304	0	T	C	0.020	8.617400e-01	4.389892e-01	-6.054369e+01	7.976590e+00	1.000000e+05	5.557839e-02	1.568205e-02	2.324484e-02
CP021825.1	.	526844	0	G	T	0.020	6.204052e-01	4.674432e-01	-6.294238e+01	7.245323e-01	1.000000e+05	1.908438e-01	3.076330e-01	3.153933e-01
CP021825.1	.	1038788	1	G	C	0.312	-5.730658e-02	1.557406e-01	-6.341524e+01	1.291183e+00	1.000000e+05	7.145538e-01	7.578009e-01	7.592766e-01
CP021825.1	.	1038838	4	C	T	0.244	7.952222e-02	1.751961e-01	-6.331120e+01	1.155126e+00	1.000000e+05	6.519869e-01	5.819010e-01	5.850875e-01
CP021825.1	.	1247320	0	T	C	0.020	6.223366e-02	4.657465e-01	-6.346020e+01	1.003433e+00	1.000000e+05	8.942725e-01	9.427236e-01	9.430299e-01
CP021825.1	.	1356055	0	T	TC	0.163	-1.609211e-01	2.003423e-01	-6.309188e+01	1.262782e+00	1.000000e+05	4.258849e-01	3.890850e-01	3.952313e-01
CP021825.1	.	1358090	0	G	T	0.041	3.655775e-01	3.409805e-01	-6.312955e+01	9.720803e-01	1.000000e+05	2.891334e-01	4.142848e-01	4.199722e-01
CP021825.1	.	1358203	0	ATG	A	0.388	1.480270e-01	1.500634e-01	-6.315000e+01	1.312601e+00	1.000000e+05	3.289733e-01	4.289821e-01	4.344116e-01
CP021825.1	.	1360089	0	C	T	0.020	8.574666e-01	4.956415e-01	-6.176727e+01	1.776402e+00	1.000000e+05	9.019039e-02	6.555189e-02	7.668108e-02
CP021825.1	.	1377217	0	G	A	0.020	-7.257958e-01	4.542674e-01	-6.184012e+01	1.332772e+00	1.000000e+05	1.168057e-01	7.162743e-02	8.286735e-02
CP021825.1	.	1377263	2	G	C	0.213	-1.204785e-01	1.901990e-01	-6.289844e+01	1.900247e+00	1.000000e+05	5.295207e-01	2.880557e-01	2.962271e-01
CP021825.1	.	1377284	3	A	C	0.087	2.477697e-02	2.617353e-01	-6.345417e+01	1.180466e+00	1.000000e+05	9.249840e-01	8.955545e-01	8.961239e-01
CP021825.1	.	1377293	1	G	C	0.146	5.611479e-02	2.113269e-01	-6.342224e+01	1.063529e+00	1.000000e+05	7.917583e-01	7.758220e-01	7.771627e-01
CP021825.1	.	1377296	0	T	C	0.184	7.246733e-02	1.961422e-01	-6.341359e+01	1.014809e+00	1.000000e+05	7.134419e-01	7.537793e-01	7.552860e-01
CP021825.1	.	1377315	0	G	C	0.102	2.902496e-02	2.362872e-01	-6.346195e+01	1.207464e+00	1.000000e+05	9.027594e-01	9.674816e-01	9.676545e-01
CP021825.1	.	1377395	0	C	T	0.061	-6.992537e-01	2.626865e-01	-5.983474e+01	1.213472e+00	1.000000e+05	1.060111e-02	7.066133e-03	1.251523e-02
CP021825.1	.	1377398	0	T	C	0.020	-7.958967e-01	4.948848e-01	-6.230987e+01	1.443681e+00	1.000000e+05	1.144789e-01	1.288903e-01	1.400953e-01
CP021825.1	.	1377584	2	A	G	0.106	2.673135e-01	2.398055e-01	-6.218710e+01	1.672531e+00	1.000000e+05	2.706427e-01	1.101991e-01	1.215654e-01
CP021825.1	.	1377602	1	C	T	0.125	-6.578112e-02	2.250020e-01	-6.344218e+01	1.286445e+00	1.000000e+05	7.712997e-01	8.391538e-01	8.400631e-01
CP021825.1	.	1377690	0	A	G	0.041	-3.876815e-01	3.684053e-01	-6.314323e+01	1.176237e+00	1.000000e+05	2.980317e-01	4.240323e-01	4.295478e-01
CP021825.1	.	1377704	1	A	T	0.500	-2.836414e-02	1.446822e-01	-6.333166e+01	1.300600e+00	1.000000e+05	8.454206e-01	6.085801e-01	6.114536e-01
CP021825.1	.	1377749	0	A	C	0.041	-1.478315e-02	3.383948e-01	-6.333301e+01	1.039171e+00	1.000000e+05	9.653397e-01	6.104270e-01	6.132795e-01
CP021825.1	.	1377794	0	G	C	0.082	1.287233e-01	2.468489e-01	-6.344493e+01	9.115355e-01	1.000000e+05	6.044909e-01	8.501225e-01	8.509630e-01
CP021825.1	.	1377877	2	A	G	0.128	3.062426e-01	2.025723e-01	-6.122669e+01	2.158418e+00	1.000000e+05	1.372876e-01	3.445089e-02	4.422668e-02
CP021825.1	.	1732471	0	A	AT	0.061	5.355792e-01	2.807928e-01	-6.324026e+01	1.000000e-05	1.000000e+05	6.259257e-02	5.046939e-01	5.089137e-01
CP021825.1	.	1732500	1	G	A	0.083	2.094870e-01	2.692989e-01	-6.317530e+01	1.022460e+00	1.000000e+05	4.405278e-01	4.482890e-01	4.533912e-01
CP021825.1	.	1732515	1	T	G	0.292	-4.278900e-02	1.779815e-01	-6.338581e+01	1.428055e+00	1.000000e+05	8.110560e-01	6.947840e-01	6.967838e-01
CP021825.1	.	1732521	0	G	T	0.224	4.348627e-02	1.878981e-01	-6.344764e+01	1.178346e+00	1.000000e+05	8.179812e-01	8.618202e-01	8.625888e-01
CP021825.1	.	1732545	3	A	G	0.304	-5.242316e-02	1.831370e-01	-6.322356e+01	1.602037e+00	1.000000e+05	7.759438e-01	4.891301e-01	4.935824e-01
CP021825.1	.	1732551	1	T	C	0.312	-7.737720e-03	1.788307e-01	-6.343965e+01	1.415823e+00	1.000000e+05	9.656709e-01	8.296780e-01	8.306481e-01
CP021825.1	.	1732566	2	C	A	0.404	8.149202e-02	1.554308e-01	-6.312082e+01	1.381786e+00	1.000000e+05	6.025356e-01	4.082397e-01	4.140352e-01
CP021825.1	.	1732594	3	A	G	0.174	5.432920e-03	1.980086e-01	-6.340795e+01	1.236639e+00	1.000000e+05	9.782267e-01	7.405215e-01	7.421325e-01
CP021825.1	.	1904758	0	G	C	0.041	-1.260782e-01	3.678998e-01	-6.344895e+01	1.148905e+00	1.000000e+05	7.333542e-01	8.678904e-01	8.686223e-01
CP021826.1	.	143947	0	AT	A	0.469	-2.285371e-01	1.425716e-01	-6.110096e+01	4.515388e+00	1.000000e+05	1.156428e-01	2.975058e-02	3.913284e-02
CP021826.1	.	148361	3	CA	C	0.022	-4.733947e-01	4.579762e-01	-6.294496e+01	9.092349e-01	1.000000e+05	3.065816e-01	3.088347e-01	3.165700e-01
CP021827.1	.	12013	3	A	AT	0.478	2.634845e-02	1.598532e-01	-6.345609e+01	1.386470e+00	1.000000e+05	8.697854e-01	9.078689e-01	9.083681e-01
CP021827.1	.	12058	0	A	AGGG	0.469	-2.413501e-02	1.518555e-01	-6.343007e+01	1.317064e+00	1.000000e+05	8.744018e-01	7.981040e-01	7.992858e-01
CP021827.1	.	16476	4	AC	A	0.467	-1.042880e-01	1.547625e-01	-6.305096e+01	1.420055e+00	1.000000e+05	5.037020e-01	3.641138e-01	3.707350e-01
CP021827.1	.	74787	2	A	G	0.043	-1.159337e-01	3.621274e-01	-6.303651e+01	1.412584e+00	1.000000e+05	7.502764e-01	3.558346e-01	3.626176e-01
CP021827.1	.	74828	0	G	C	0.061	1.971284e-02	3.116146e-01	-6.345487e+01	1.245955e+00	1.000000e+05	9.498275e-01	8.999100e-01	9.004545e-01
CP021827.1	.	74859	1	GC	G	0.208	-8.544373e-03	1.754481e-01	-6.338702e+01	1.153486e+00	1.000000e+05	9.613645e-01	6.970835e-01	6.990626e-01
CP021827.1	.	74963	0	CG	C	0.163	4.167937e-02	1.857829e-01	-6.333844e+01	1.144249e+00	1.000000e+05	8.234617e-01	6.179951e-01	6.207632e-01
CP021827.1	.	74986	3	G	C	0.043	-1.801222e-01	3.439660e-01	-6.317601e+01	1.235978e+00	1.000000e+05	6.029736e-01	4.488500e-01	4.539429e-01
CP021827.1	.	109668	0	C	G	0.082	2.191926e-01	2.557985e-01	-6.268171e+01	1.647894e+00	1.000000e+05	3.958508e-01	2.113524e-01	2.211454e-01
CP021827.1	.	302275	3	A	AT	0.152	4.841921e-02	2.036835e-01	-6.340225e+01	1.235311e+00	1.000000e+05	8.131332e-01	7.278858e-01	7.295997e-01
CP021827.1	.	322944	0	C	T	0.061	3.251177e-01	3.040382e-01	-6.311274e+01	7.453701e-01	1.000000e+05	2.903814e-01	4.027569e-01	4.086516e-01
CP021827.1	.	322957	0	T	C	0.082	-1.834653e-02	2.549005e-01	-6.345781e+01	1.181846e+00	1.000000e+05	9.429270e-01	9.205460e-01	9.209742e-01
CP021827.1	.	352369	0	G	C	0.061	7.139800e-01	2.795965e-01	-6.183636e+01	2.845026e-01	1.000000e+05	1.396500e-02	7.129969e-02	8.253449e-02
CP021827.1	.	352549	0	C	T	0.163	-7.125195e-02	1.902091e-01	-6.345532e+01	1.051845e+00	1.000000e+05	7.096444e-01	9.027739e-01	9.033021e-01
CP021827.1	.	352609	0	G	A	0.122	-3.837737e-02	2.103640e-01	-6.324292e+01	1.051030e+00	1.000000e+05	8.560275e-01	5.072496e-01	5.114320e-01
CP021827.1	.	359548	0	C	A	0.224	1.611979e-01	1.866251e-01	-6.340707e+01	1.054508e+00	1.000000e+05	3.921105e-01	7.385329e-01	7.401599e-01
CP021827.1	.	359571	1	G	A	0.354	8.610701e-02	1.673619e-01	-6.302300e+01	1.547230e+00	1.000000e+05	6.093163e-01	3.483198e-01	3.552512e-01
CP021827.1	.	359578	0	G	T	0.388	2.419162e-02	1.532230e-01	-6.328810e+01	1.313765e+00	1.000000e+05	8.752238e-01	5.544700e-01	5.580012e-01
CP021827.1	.	387590	0	C	G	0.020	-6.956101e-01	4.581571e-01	-6.308221e+01	8.481879e-01	1.000000e+05	1.356427e-01	3.829710e-01	3.892318e-01
CP021827.1	.	392984	0	ACC	A	0.020	9.017729e-02	4.926357e-01	-6.346033e+01	1.166141e+00	1.000000e+05	8.555456e-01	9.441198e-01	9.444186e-01
CP021827.1	.	399746	1	C	A	0.146	-5.597550e-02	1.993474e-01	-6.333345e+01	1.157221e+00	1.000000e+05	7.801010e-01	6.110422e-01	6.138879e-01
CP021827.1	.	418234	0	T	G	0.020	-2.392939e-01	4.637248e-01	-6.320015e+01	9.875932e-01	1.000000e+05	6.082558e-01	4.686004e-01	4.733721e-01
CP021827.1	.	431565	0	G	C	0.041	-4.248923e-01	3.680769e-01	-6.247021e+01	1.476719e+00	1.000000e+05	2.541896e-01	1.588493e-01	1.696331e-01
CP021827.1	.	431583	1	T	C	0.062	-1.824769e-01	3.054934e-01	-6.292937e+01	1.494711e+00	1.000000e+05	5.531618e-01	3.016611e-01	3.095462e-01
CP021827.1	.	431631	3	C	A	0.065	-4.370698e-01	3.045580e-01	-6.159997e+01	2.883948e+00	1.000000e+05	1.578815e-01	5.358364e-02	6.437870e-02
CP021827.1	.	431663	3	G	A	0.348	1.482628e-01	1.545067e-01	-6.288462e+01	1.389206e+00	1.000000e+05	3.421731e-01	2.822278e-01	2.905226e-01
CP021827.1	.	431703	0	C	G	0.408	1.361474e-01	1.459078e-01	-6.338512e+01	8.040981e-01	1.000000e+05	3.555345e-01	6.934988e-01	6.955102e-01
CP021827.1	.	431760	4	C	G	0.356	-2.988733e-02	1.550802e-01	-6.334998e+01	1.226032e+00	1.000000e+05	8.480072e-01	6.347929e-01	6.373793e-01
CP021827.1	.	431808	0	C	T	0.102	1.296418e-01	2.295567e-01	-6.318016e+01	1.441279e+00	1.000000e+05	5.749306e-01	4.521559e-01	4.571941e-01
CP021827.1	.	431838	0	A	C	0.041	2.372759e-01	3.500280e-01	-6.337322e+01	1.076981e+00	1.000000e+05	5.011735e-01	6.721285e-01	6.743389e-01
CP021827.1	.	431967	3	G	T	0.087	-6.115886e-02	2.529605e-01	-6.334163e+01	1.201278e+00	1.000000e+05	8.100084e-01	6.225445e-01	6.252626e-01
CP021827.1	.	431968	4	C	T	0.044	-3.597042e-01	3.356283e-01	-6.237079e+01	1.378514e+00	1.000000e+05	2.893121e-01	1.394535e-01	1.505285e-01
CP021827.1	.	432981	0	C	A	0.020	-6.029613e-01	4.888642e-01	-6.241090e+01	1.510987e+00	1.000000e+05	2.235624e-01	1.469358e-01	1.579057e-01
CP021827.1	.	444780	0	C	A	0.041	3.464360e-01	3.427514e-01	-6.326318e+01	9.188336e-01	1.000000e+05	3.173115e-01	5.275023e-01	5.313963e-01
CP021827.1	.	452198	1	AG	A	0.125	1.226154e-01	2.084995e-01	-6.310374e+01	1.264411e+00	1.000000e+05	5.592908e-01	3.967695e-01	4.027737e-01
CP021827.1	.	471937	1	C	CT	0.271	1.242591e-02	1.706916e-01	-6.344107e+01	1.267487e+00	1.000000e+05	9.422762e-01	8.349121e-01	8.358485e-01
CP021827.1	.	551651	0	T	G	0.020	1.616844e-04	4.569038e-01	-6.342641e+01	1.006695e+00	1.000000e+05	9.997192e-01	7.873771e-01	7.886343e-01
CP021827.1	.	554119	0	GA	G	0.429	2.864709e-01	1.383553e-01	-6.102612e+01	1.694304e+00	1.000000e+05	4.391920e-02	2.727476e-02	3.641644e-02
CP021827.1	.	556422	0	T	TC	0.143	1.058121e-02	2.056632e-01	-6.335531e+01	1.203581e+00	1.000000e+05	9.591856e-01	6.429109e-01	6.454123e-01
CP021827.1	.	586523	0	G	C	0.449	1.998444e-01	1.458459e-01	-6.280828e+01	8.654212e-01	1.000000e+05	1.771207e-01	2.525740e-01	2.615004e-01
CP021827.1	.	586570	0	A	T	0.449	2.199227e-01	1.487134e-01	-6.235510e+01	1.413672e+00	1.000000e+05	1.458556e-01	1.366433e-01	1.477552e-01
CP021827.1	.	586637	0	A	G	0.327	1.448799e-01	1.611102e-01	-6.256353e+01	1.872438e+00	1.000000e+05	3.730988e-01	1.798938e-01	1.903065e-01
CP021827.1	.	586673	0	G	A	0.265	1.068747e-01	1.753906e-01	-6.318030e+01	1.500465e+00	1.000000e+05	5.452253e-01	4.522623e-01	4.572987e-01
CP021827.1	.	586713	0	C	CCAGATCGCAGTGCCGA	0.061	1.719432e-01	3.116285e-01	-6.330377e+01	1.457537e+00	1.000000e+05	5.837289e-01	5.727952e-01	5.760934e-01
CP021827.1	.	586790	1	G	A	0.062	-2.931561e-01	2.895772e-01	-6.305998e+01	1.278171e+00	1.000000e+05	3.165501e-01	3.694196e-01	3.759384e-01
CP021827.1	.	586819	1	A	G	0.062	-3.273683e-01	3.167444e-01	-6.320879e+01	1.226436e+00	1.000000e+05	3.066399e-01	4.760073e-01	4.806620e-01
CP021827.1	.	586831	0	G	A	0.041	-3.743907e-01	3.679950e-01	-6.288261e+01	1.386736e+00	1.000000e+05	3.141815e-01	2.813951e-01	2.897076e-01
CP021827.1	.	595041	0	G	A	0.020	4.374184e-01	4.644634e-01	-6.325660e+01	9.325381e-01	1.000000e+05	3.511253e-01	5.207725e-01	5.247608e-01
CP021827.1	.	595043	0	A	C	0.020	-2.479176e-01	4.765207e-01	-6.338888e+01	1.208794e+00	1.000000e+05	6.053203e-01	7.006488e-01	7.025960e-01
CP021827.1	.	596030	1	G	GGT	0.021	-1.065989e-01	4.832083e-01	-6.326792e+01	1.148237e+00	1.000000e+05	8.263543e-01	5.324421e-01	5.362679e-01
CP021827.1	.	596707	0	C	CGCGT	0.367	-2.937827e-01	1.698932e-01	-6.178223e+01	1.929624e+00	1.000000e+05	9.033374e-02	6.675307e-02	7.790690e-02
CP021827.1	.	606298	1	T	G	0.021	9.526851e-03	4.949672e-01	-6.346225e+01	1.177297e+00	1.000000e+05	9.847252e-01	9.738413e-01	9.739803e-01
CP021827.1	.	639984	3	TTGC	T	0.109	-1.717297e-01	2.472355e-01	-6.342404e+01	1.106837e+00	1.000000e+05	4.907257e-01	7.807307e-01	7.820356e-01
CP021827.1	.	640681	1	G	C	0.375	1.901716e-01	1.474273e-01	-6.314163e+01	1.069978e+00	1.000000e+05	2.033845e-01	4.228792e-01	4.284149e-01
CP021827.1	.	661801	4	G	C	0.378	2.387951e-01	1.464492e-01	-6.266887e+01	9.705589e-01	1.000000e+05	1.096662e-01	2.076357e-01	2.175047e-01
CP021827.1	.	661862	0	C	G	0.367	3.289745e-01	1.417446e-01	-5.993576e+01	3.869889e+00	1.000000e+05	2.468077e-02	7.908612e-03	1.363314e-02
CP021827.1	.	661985	1	A	G	0.188	5.735215e-02	1.771508e-01	-6.314399e+01	1.268595e+00	1.000000e+05	7.475654e-01	4.245879e-01	4.300937e-01
CP021827.1	.	662382	3	A	G	0.413	3.985634e-03	1.489388e-01	-6.343363e+01	1.210266e+00	1.000000e+05	9.787643e-01	8.091813e-01	8.102871e-01
CP021827.1	.	662502	0	C	A	0.163	2.291619e-01	1.874918e-01	-6.284739e+01	1.180136e+00	1.000000e+05	2.277074e-01	2.672523e-01	2.758656e-01
CP021827.1	.	662628	0	C	T	0.082	3.562758e-01	2.627543e-01	-6.290930e+01	1.105360e+00	1.000000e+05	1.816016e-01	2.927414e-01	3.008138e-01
CP021827.1	.	663480	0	T	G	0.041	3.342720e-01	3.482821e-01	-6.301752e+01	1.152426e+00	1.000000e+05	3.420808e-01	3.453333e-01	3.523241e-01
CP021827.1	.	663639	0	T	C	0.041	-3.396569e-01	3.523357e-01	-6.303615e+01	1.265152e+00	1.000000e+05	3.399725e-01	3.556302e-01	3.624172e-01
CP021827.1	.	702429	0	AT	A	0.347	-4.195414e-02	1.727553e-01	-6.341261e+01	1.445498e+00	1.000000e+05	8.091761e-01	7.514179e-01	7.529429e-01
CP021827.1	.	703232	0	AGC	A	0.020	6.434710e-01	4.858419e-01	-6.232651e+01	1.482326e+00	1.000000e+05	1.917597e-01	1.316830e-01	1.428560e-01
CP021827.1	.	704259	4	G	A	0.156	1.742849e-01	1.987420e-01	-6.313081e+01	1.059367e+00	1.000000e+05	3.849796e-01	4.151708e-01	4.208424e-01
CP021827.1	.	704277	0	G	A	0.082	-3.091817e-01	2.498742e-01	-6.247207e+01	1.537214e+00	1.000000e+05	2.221037e-01	1.592394e-01	1.700168e-01
CP021827.1	.	704633	0	C	G	0.204	5.978920e-02	1.922661e-01	-6.345308e+01	1.226480e+00	1.000000e+05	7.571976e-01	8.891983e-01	8.898044e-01
CP021827.1	.	705509	1	C	T	0.229	3.033127e-01	1.710569e-01	-6.204985e+01	1.074475e+00	1.000000e+05	8.268099e-02	9.275724e-02	1.041645e-01
CP021827.1	.	707585	0	C	A	0.265	-1.096878e-01	1.667944e-01	-6.345414e+01	9.502557e-01	1.000000e+05	5.139885e-01	8.954223e-01	8.959925e-01
CP021827.1	.	707754	1	G	A	0.167	5.410447e-01	1.705442e-01	-5.879093e+01	1.450687e+00	1.000000e+05	2.663552e-03	2.237524e-03	5.409162e-03
CP021827.1	.	707844	4	A	C	0.444	-1.294706e-01	1.506003e-01	-6.321101e+01	1.237728e+00	1.000000e+05	3.943199e-01	4.779414e-01	4.825660e-01
CP021827.1	.	708071	2	T	C	0.149	-5.608318e-02	1.938519e-01	-6.320442e+01	1.299045e+00	1.000000e+05	7.736170e-01	4.722375e-01	4.769516e-01
CP021827.1	.	708380	1	T	G	0.208	-7.423420e-02	1.756513e-01	-6.340562e+01	7.894742e-01	1.000000e+05	6.744980e-01	7.352728e-01	7.369261e-01
CP021827.1	.	708434	1	G	A	0.479	-2.178791e-01	1.427780e-01	-6.311702e+01	4.054507e-01	1.000000e+05	1.337121e-01	4.056449e-01	4.114872e-01
CP021827.1	.	708442	1	G	A	0.479	-2.492705e-01	1.418455e-01	-6.236633e+01	4.638677e-01	1.000000e+05	8.537259e-02	1.386477e-01	1.497334e-01
CP021827.1	.	708476	1	T	C	0.333	-2.286479e-02	1.558528e-01	-6.341629e+01	1.299705e+00	1.000000e+05	8.839903e-01	7.604152e-01	7.618710e-01
CP021827.1	.	708524	3	T	A	0.109	-2.191665e-01	2.475531e-01	-6.314865e+01	1.296947e+00	1.000000e+05	3.804852e-01	4.279947e-01	4.334413e-01
CP021827.1	.	735678	0	T	A	0.020	9.598605e-01	4.293843e-01	-6.031955e+01	2.443834e+00	1.000000e+05	3.017784e-02	1.216630e-02	1.901954e-02
CP021827.1	.	735689	1	G	C	0.021	-4.195958e-01	4.635377e-01	-6.338785e+01	6.794161e-01	1.000000e+05	3.699747e-01	6.986688e-01	7.006337e-01
CP021827.1	.	770043	1	A	G	0.042	4.714309e-01	3.789539e-01	-6.331060e+01	7.762382e-01	1.000000e+05	2.196564e-01	5.811516e-01	5.843472e-01
CP021827.1	.	770137	3	C	T	0.413	-1.105360e-01	1.524940e-01	-6.334078e+01	9.838791e-01	1.000000e+05	4.721345e-01	6.213236e-01	6.240550e-01
CP021827.1	.	773282	1	T	C	0.250	-6.246893e-02	1.660430e-01	-6.333865e+01	1.218777e+00	1.000000e+05	7.084453e-01	6.183002e-01	6.210649e-01
CP021827.1	.	773324	2	C	T	0.191	-1.184501e-01	1.907774e-01	-6.339199e+01	1.340551e+00	1.000000e+05	5.376775e-01	7.067053e-01	7.085992e-01
CP021827.1	.	773342	0	G	A	0.143	-1.295781e-01	2.133383e-01	-6.327015e+01	1.396026e+00	1.000000e+05	5.465200e-01	5.347940e-01	5.385876e-01
CP021827.1	.	774022	0	A	T	0.061	-1.212731e-01	2.919625e-01	-6.342054e+01	1.093526e+00	1.000000e+05	6.797599e-01	7.712945e-01	7.726686e-01
CP021827.1	.	777791	0	T	G	0.061	-2.779325e-01	3.336238e-01	-6.300971e+01	1.475311e+00	1.000000e+05	4.090180e-01	3.411402e-01	3.482149e-01
CP021827.1	.	778433	0	T	TC	0.061	1.425002e-01	3.080614e-01	-6.344566e+01	1.147654e+00	1.000000e+05	6.458065e-01	8.531823e-01	8.540038e-01
CP021827.1	.	778438	1	C	T	0.083	-3.590878e-02	2.874720e-01	-6.338047e+01	1.354729e+00	1.000000e+05	9.011258e-01	6.849268e-01	6.870167e-01
CP021827.1	.	778447	3	C	G	0.239	-2.301925e-01	1.768085e-01	-6.248272e+01	1.410878e+00	1.000000e+05	1.992849e-01	1.614989e-01	1.722386e-01
CP021827.1	.	778456	3	A	G	0.391	-2.074642e-01	1.642526e-01	-6.287942e+01	1.175473e+00	1.000000e+05	2.127908e-01	2.800739e-01	2.884143e-01
CP021827.1	.	778462	1	G	A	0.458	-1.186703e-01	1.591571e-01	-6.345110e+01	1.082223e+00	1.000000e+05	4.596115e-01	8.785049e-01	8.791735e-01
CP021827.1	.	778468	2	T	C	0.447	1.570143e-02	1.566085e-01	-6.334071e+01	1.248478e+00	1.000000e+05	9.205651e-01	6.212316e-01	6.239641e-01
CP021827.1	.	778492	0	G	A	0.184	-4.695041e-02	1.844531e-01	-6.331445e+01	1.188736e+00	1.000000e+05	8.001901e-01	5.859736e-01	5.891108e-01
CP021827.1	.	778502	4	A	G	0.200	1.058947e-01	1.917654e-01	-6.336387e+01	1.270917e+00	1.000000e+05	5.834213e-01	6.564728e-01	6.588364e-01
CP021827.1	.	778510	4	G	C	0.289	-5.193765e-02	1.706304e-01	-6.325764e+01	1.405982e+00	1.000000e+05	7.621768e-01	5.218231e-01	5.257966e-01
CP021827.1	.	793546	0	G	A	0.082	1.515786e-01	2.682668e-01	-6.326096e+01	1.292482e+00	1.000000e+05	5.747411e-01	5.252094e-01	5.291353e-01
CP021827.1	.	793560	0	C	G	0.163	2.416878e-01	2.133206e-01	-6.200779e+01	2.452589e+00	1.000000e+05	2.629697e-01	8.803301e-02	9.942709e-02
CP021827.1	.	793567	1	G	C	0.167	1.080155e-01	2.188483e-01	-6.326481e+01	1.446693e+00	1.000000e+05	6.239131e-01	5.291927e-01	5.330633e-01
CP021827.1	.	793579	2	A	G	0.149	2.806207e-02	2.355880e-01	-6.338936e+01	1.416764e+00	1.000000e+05	9.056919e-01	7.015620e-01	7.035011e-01
CP021827.1	.	793591	3	C	G	0.152	8.910611e-03	2.234601e-01	-6.345360e+01	1.320081e+00	1.000000e+05	9.683612e-01	8.922030e-01	8.927918e-01
CP021827.1	.	809071	0	C	T	0.020	-6.381209e-02	4.600183e-01	-6.331933e+01	9.517130e-01	1.000000e+05	8.902669e-01	5.922033e-01	5.952663e-01
CP021827.1	.	958334	0	C	A	0.020	3.640425e-01	4.796637e-01	-6.287128e+01	1.268525e+00	1.000000e+05	4.516699e-01	2.767463e-01	2.851574e-01
CP021827.1	.	958352	2	G	GC	0.170	-2.361962e-01	1.911573e-01	-6.286298e+01	9.940273e-01	1.000000e+05	2.227433e-01	2.734007e-01	2.818831e-01
CP021827.1	.	962653	1	T	C	0.042	3.727679e-01	3.656170e-01	-6.193042e+01	3.098430e+00	1.000000e+05	3.131576e-01	8.000873e-02	9.135066e-02
CP021827.1	.	962660	0	T	C	0.041	1.183668e-01	3.640767e-01	-6.261143e+01	1.638885e+00	1.000000e+05	7.465369e-01	1.919353e-01	2.021179e-01
CP021827.1	.	962668	0	A	C	0.122	2.263158e-03	2.289356e-01	-6.342431e+01	1.283726e+00	1.000000e+05	9.921544e-01	7.814884e-01	7.827879e-01
CP021827.1	.	962673	0	T	C	0.143	-1.411424e-01	2.084541e-01	-6.343869e+01	1.054988e+00	1.000000e+05	5.016676e-01	8.262355e-01	8.272279e-01
CP021827.1	.	962686	0	C	A	0.388	3.320912e-02	1.515018e-01	-6.346242e+01	1.181684e+00	1.000000e+05	8.274438e-01	9.785621e-01	9.786760e-01
CP021827.1	.	1009532	0	AT	A	0.102	-9.651954e-02	2.368907e-01	-6.335623e+01	1.272034e+00	1.000000e+05	6.855323e-01	6.443483e-01	6.468349e-01
CP021827.1	.	1009548	0	G	A	0.041	3.340750e-01	3.596737e-01	-6.308796e+01	1.095620e+00	1.000000e+05	3.577241e-01	3.865883e-01	3.927812e-01
CP021827.1	.	1009563	0	T	C	0.061	-2.873240e-02	3.021538e-01	-6.342506e+01	1.255175e+00	1.000000e+05	9.246461e-01	7.835666e-01	7.848511e-01
CP021827.1	.	1009630	0	T	G	0.061	4.286882e-01	2.751348e-01	-6.246268e+01	9.161779e-01	1.000000e+05	1.259179e-01	1.572782e-01	1.680877e-01
CP021827.1	.	1010097	2	T	C	0.489	-2.487390e-01	1.433079e-01	-6.174344e+01	8.665952e-01	1.000000e+05	8.917031e-02	6.368618e-02	7.477418e-02
CP021827.1	.	1010789	3	T	C	0.326	5.643064e-02	1.599701e-01	-6.335551e+01	1.366313e+00	1.000000e+05	7.258474e-01	6.432303e-01	6.457285e-01
CP021827.1	.	1010932	2	C	T	0.383	2.299259e-02	1.504870e-01	-6.344471e+01	1.230725e+00	1.000000e+05	8.792196e-01	8.492301e-01	8.500761e-01
CP021827.1	.	1011310	1	C	T	0.188	3.817646e-01	1.751079e-01	-6.201079e+01	8.951218e-01	1.000000e+05	3.428701e-02	8.836037e-02	9.975576e-02
CP021827.1	.	1011356	0	A	G	0.184	2.561181e-01	1.819688e-01	-6.313616e+01	7.750664e-01	1.000000e+05	1.658634e-01	4.189550e-01	4.245597e-01
CP021827.1	.	1013618	0	C	G	0.367	2.770235e-02	1.545690e-01	-6.337396e+01	1.246669e+00	1.000000e+05	8.585329e-01	6.734018e-01	6.756000e-01
CP021827.1	.	1014176	0	G	A	0.102	-1.602949e-01	2.302863e-01	-6.330548e+01	9.590650e-01	1.000000e+05	4.898143e-01	5.748682e-01	5.781408e-01
CP021827.1	.	1014317	1	T	C	0.438	2.888894e-01	1.359317e-01	-6.317006e+01	1.000000e-05	1.000000e+05	3.885097e-02	4.441838e-01	4.493545e-01
CP021827.1	.	1014371	0	T	C	0.367	-2.046699e-01	1.450831e-01	-6.335842e+01	5.489626e-01	1.000000e+05	1.649154e-01	6.477651e-01	6.502166e-01
CP021827.1	.	1014386	2	C	A	0.255	8.674112e-02	1.723693e-01	-6.294461e+01	1.616858e+00	1.000000e+05	6.171541e-01	3.086702e-01	3.164089e-01
CP021827.1	.	1014455	2	T	C	0.362	1.558263e-01	1.513491e-01	-6.288743e+01	1.509968e+00	1.000000e+05	3.084757e-01	2.834031e-01	2.916729e-01
CP021827.1	.	1014461	0	A	G	0.286	-1.950921e-02	1.586566e-01	-6.345116e+01	1.213517e+00	1.000000e+05	9.026592e-01	8.787896e-01	8.794566e-01
CP021827.1	.	1084966	2	G	A	0.383	-4.217073e-02	1.473684e-01	-6.309429e+01	1.423467e+00	1.000000e+05	7.760142e-01	3.906265e-01	3.967442e-01
CP021827.1	.	1133218	2	G	T	0.021	6.721809e-01	4.611204e-01	-6.316325e+01	6.486763e-01	1.000000e+05	1.515698e-01	4.389363e-01	4.441954e-01
CP021827.1	.	1173412	0	C	CGT	0.041	-1.665979e-01	3.738134e-01	-6.337266e+01	1.257138e+00	1.000000e+05	6.578808e-01	6.711538e-01	6.733736e-01
CP021827.1	.	1173420	1	C	G	0.062	1.251361e-01	3.039174e-01	-6.328915e+01	1.304635e+00	1.000000e+05	6.823990e-01	5.556656e-01	5.591814e-01
CP021827.1	.	1173432	2	G	A	0.064	-2.964971e-01	3.153706e-01	-6.299921e+01	1.204544e+00	1.000000e+05	3.519453e-01	3.356077e-01	3.427938e-01
CP021827.1	.	1173452	3	G	C	0.109	-5.259630e-02	2.538260e-01	-6.343196e+01	1.200366e+00	1.000000e+05	8.367379e-01	8.039114e-01	8.050531e-01
CP021827.1	.	1189635	4	C	G	0.467	4.190087e-02	1.479307e-01	-6.341301e+01	1.122286e+00	1.000000e+05	7.782317e-01	7.523656e-01	7.538832e-01
CP021827.1	.	1199494	0	A	C	0.122	-1.075828e-01	2.202230e-01	-6.309431e+01	1.475580e+00	1.000000e+05	6.274550e-01	3.906433e-01	3.967606e-01
CP021827.1	.	1199501	0	T	C	0.102	6.532398e-02	2.418177e-01	-6.338076e+01	1.126979e+00	1.000000e+05	7.882373e-01	6.854509e-01	6.875359e-01
CP021827.1	.	1199524	0	T	G	0.082	-3.353555e-01	2.555546e-01	-6.258067e+01	1.377154e+00	1.000000e+05	1.958034e-01	1.840988e-01	1.944324e-01
CP021827.1	.	1199746	0	GAA	G	0.163	1.488446e-01	2.002642e-01	-6.344017e+01	9.208176e-01	1.000000e+05	4.610350e-01	8.315811e-01	8.325388e-01
CP021827.1	.	1200993	0	A	C	0.204	2.332086e-01	1.894363e-01	-6.264158e+01	1.559653e+00	1.000000e+05	2.244232e-01	1.999968e-01	2.100199e-01
CP021827.1	.	1201056	0	G	T	0.224	-1.195619e-01	1.830553e-01	-6.334286e+01	1.321818e+00	1.000000e+05	5.168443e-01	6.243178e-01	6.270166e-01
CP021827.1	.	1201085	1	A	G	0.104	-1.168376e-01	2.524459e-01	-6.344477e+01	1.266807e+00	1.000000e+05	6.456276e-01	8.494509e-01	8.502955e-01
CP021827.1	.	1201804	0	C	G	0.041	-2.117009e-01	3.549980e-01	-6.324048e+01	1.304091e+00	1.000000e+05	5.538071e-01	5.049055e-01	5.091222e-01
CP021827.1	.	1202172	1	A	G	0.500	-9.751085e-02	1.480995e-01	-6.323975e+01	1.307240e+00	1.000000e+05	5.134844e-01	5.042037e-01	5.084306e-01
CP021827.1	.	1202352	3	A	G	0.391	-1.773893e-01	1.516910e-01	-6.244224e+01	1.594697e+00	1.000000e+05	2.481343e-01	1.531011e-01	1.639772e-01
CP021827.1	.	1202379	4	G	A	0.200	6.227698e-02	1.856349e-01	-6.339063e+01	1.182395e+00	1.000000e+05	7.387552e-01	7.040387e-01	7.059560e-01
CP021827.1	.	1202439	1	A	G	0.354	-6.716490e-03	1.535884e-01	-6.346256e+01	1.234571e+00	1.000000e+05	9.653045e-01	9.831476e-01	9.832371e-01
CP021827.1	.	1202965	2	T	C	0.277	-9.047929e-02	1.673209e-01	-6.311567e+01	1.509744e+00	1.000000e+05	5.912316e-01	4.047283e-01	4.105872e-01
CP021827.1	.	1236030	1	C	A	0.396	2.524361e-02	1.477940e-01	-6.328281e+01	1.226482e+00	1.000000e+05	8.651121e-01	5.485298e-01	5.521389e-01
CP021827.1	.	1236099	1	C	G	0.375	1.421397e-01	1.490964e-01	-6.301871e+01	1.152133e+00	1.000000e+05	3.452946e-01	3.459814e-01	3.529593e-01
CP021827.1	.	1236257	2	C	T	0.170	1.325054e-01	1.952382e-01	-6.310424e+01	1.358452e+00	1.000000e+05	5.006654e-01	3.970990e-01	4.030971e-01
CP021827.1	.	1236319	1	C	G	0.083	-2.281640e-01	2.528538e-01	-6.344141e+01	8.220890e-01	1.000000e+05	3.714693e-01	8.361908e-01	8.371190e-01
CP021827.1	.	1236609	3	C	G	0.109	-1.585995e-01	2.304052e-01	-6.296299e+01	1.431773e+00	1.000000e+05	4.946159e-01	3.174087e-01	3.249663e-01
CP021827.1	.	1236666	0	C	G	0.061	1.025849e-01	3.276747e-01	-6.343606e+01	1.228564e+00	1.000000e+05	7.556131e-01	8.171712e-01	8.182233e-01
CP021827.1	.	1236699	0	G	A	0.143	-5.280022e-02	2.110993e-01	-6.330647e+01	1.336675e+00	1.000000e+05	8.035844e-01	5.760769e-01	5.793345e-01
CP021827.1	.	1236845	4	G	A	0.444	1.886780e-01	1.443243e-01	-6.234783e+01	1.183873e+00	1.000000e+05	1.974637e-01	1.353623e-01	1.464905e-01
CP021827.1	.	1236872	1	G	C	0.375	1.753061e-01	1.517710e-01	-6.262825e+01	1.262148e+00	1.000000e+05	2.539006e-01	1.963823e-01	2.064774e-01
CP021827.1	.	1237036	3	G	C	0.326	-1.031899e-02	1.555178e-01	-6.334676e+01	1.141270e+00	1.000000e+05	9.473786e-01	6.300160e-01	6.326532e-01
CP021827.1	.	1237194	1	C	A	0.375	9.702025e-02	1.488071e-01	-6.339529e+01	1.064892e+00	1.000000e+05	5.175858e-01	7.133220e-01	7.151586e-01
CP021827.1	.	1237501	1	T	G	0.104	5.287016e-02	2.319324e-01	-6.341604e+01	1.166949e+00	1.000000e+05	8.206700e-01	7.597785e-01	7.612391e-01
CP021827.1	.	1238223	0	A	G	0.061	3.868090e-01	2.924258e-01	-6.342478e+01	2.021437e-01	1.000000e+05	1.923156e-01	7.827891e-01	7.840793e-01
CP021827.1	.	1238263	1	C	A	0.042	7.275235e-01	3.369859e-01	-6.311950e+01	1.000000e-05	1.000000e+05	3.599423e-02	4.073373e-01	4.131490e-01
CP021827.1	.	1238283	2	G	C	0.085	1.950731e-01	2.694543e-01	-6.336006e+01	6.240019e-01	1.000000e+05	4.726808e-01	6.503570e-01	6.527822e-01
CP021827.1	.	1238301	3	A	G	0.109	9.168584e-02	2.411766e-01	-6.317040e+01	8.596461e-01	1.000000e+05	7.055389e-01	4.444515e-01	4.496177e-01
CP021827.1	.	1238313	0	T	G	0.204	2.960022e-01	1.825312e-01	-6.293263e+01	6.797570e-01	1.000000e+05	1.115679e-01	3.031461e-01	3.110001e-01
CP021827.1	.	1238319	1	T	C	0.250	4.116523e-01	1.585461e-01	-6.136184e+01	3.022546e-01	1.000000e+05	1.253357e-02	4.037886e-02	5.055561e-02
CP021827.1	.	1238322	0	C	A	0.204	2.843049e-01	1.768631e-01	-6.267865e+01	6.416097e-01	1.000000e+05	1.146459e-01	2.104585e-01	2.202699e-01
CP021827.1	.	1238349	0	G	C	0.367	4.293669e-01	1.312336e-01	-6.100843e+01	4.830284e-02	1.000000e+05	2.006539e-03	2.672170e-02	3.580605e-02
CP021827.1	.	1238355	3	G	C	0.283	4.698862e-01	1.447585e-01	-6.142789e+01	1.000000e-05	1.000000e+05	2.160513e-03	4.365681e-02	5.401820e-02
CP021827.1	.	1238379	0	T	C	0.082	1.479913e-01	2.795299e-01	-6.339562e+01	1.166498e+00	1.000000e+05	5.989996e-01	7.139770e-01	7.158080e-01
CP021827.1	.	1238395	3	G	C	0.065	1.716512e-01	3.100718e-01	-6.334138e+01	1.191703e+00	1.000000e+05	5.824867e-01	6.221908e-01	6.249127e-01
CP021827.1	.	1238403	3	G	C	0.174	2.471701e-01	2.014426e-01	-6.307264e+01	9.994165e-01	1.000000e+05	2.259335e-01	3.770509e-01	3.834237e-01
CP021827.1	.	1238424	1	C	T	0.146	1.890735e-01	2.142269e-01	-6.321951e+01	1.187486e+00	1.000000e+05	3.819524e-01	4.854698e-01	4.899780e-01
CP021827.1	.	1238425	2	A	C	0.128	2.197071e-01	2.244704e-01	-6.291825e+01	1.327279e+00	1.000000e+05	3.327003e-01	2.966771e-01	3.046667e-01
CP021827.1	.	1238532	1	C	A	0.438	-5.873893e-03	1.473329e-01	-6.345131e+01	1.219353e+00	1.000000e+05	9.683671e-01	8.796056e-01	8.802678e-01
CP021827.1	.	1238748	3	C	A	0.065	7.200866e-03	2.904788e-01	-6.341821e+01	1.147771e+00	1.000000e+05	9.803277e-01	7.652716e-01	7.666907e-01
CP021827.1	.	1238771	0	CGG	C	0.306	-3.164622e-01	1.511685e-01	-6.105588e+01	1.545659e+00	1.000000e+05	4.173200e-02	2.823265e-02	3.747045e-02
CP021827.1	.	1238774	2	CAG	C	0.447	2.060269e-02	1.459191e-01	-6.342589e+01	1.159981e+00	1.000000e+05	8.883213e-01	7.859072e-01	7.871749e-01
CP021827.1	.	1238784	2	T	C	0.213	-2.326777e-01	1.796392e-01	-6.253669e+01	1.347782e+00	1.000000e+05	2.015600e-01	1.735280e-01	1.840577e-01
CP021827.1	.	1238814	4	G	T	0.133	6.868656e-03	2.185355e-01	-6.345087e+01	1.211106e+00	1.000000e+05	9.750594e-01	8.773290e-01	8.780046e-01
CP021827.1	.	1251680	0	A	G	0.122	3.330837e-01	2.103223e-01	-6.241606e+01	6.723133e-01	1.000000e+05	1.199725e-01	1.479312e-01	1.588863e-01
CP021827.1	.	1251716	0	A	G	0.102	1.101410e-04	2.424994e-01	-6.345562e+01	1.248351e+00	1.000000e+05	9.996395e-01	9.046987e-01	9.052159e-01
CP021827.1	.	1251722	0	A	G	0.163	1.906312e-01	1.955212e-01	-6.313879e+01	1.083342e+00	1.000000e+05	3.345571e-01	4.208336e-01	4.264052e-01
CP021827.1	.	1251737	1	A	G	0.083	-1.888111e-01	2.683458e-01	-6.252765e+01	1.817423e+00	1.000000e+05	4.851462e-01	1.714455e-01	1.820126e-01
CP021827.1	.	1251743	1	G	A	0.062	4.663322e-03	3.033510e-01	-6.327448e+01	1.228222e+00	1.000000e+05	9.877999e-01	5.394196e-01	5.431503e-01
CP021827.1	.	1251808	2	C	T	0.447	2.539264e-01	1.414145e-01	-6.140998e+01	2.254347e+00	1.000000e+05	7.898577e-02	4.274145e-02	5.305365e-02
CP021827.1	.	1251859	2	G	C	0.128	3.483012e-02	2.254516e-01	-6.332978e+01	1.308647e+00	1.000000e+05	8.778845e-01	6.060236e-01	6.089261e-01
CP021827.1	.	1272656	0	A	C	0.082	1.555554e-01	2.736713e-01	-6.321513e+01	1.428140e+00	1.000000e+05	5.724677e-01	4.815710e-01	4.861392e-01
CP021828.1	.	162459	4	AAAGT	A	0.289	-2.835592e-01	1.841948e-01	-6.219861e+01	1.791702e+00	1.000000e+05	1.304000e-01	1.118177e-01	1.231742e-01
CP021828.1	.	164965	0	C	CCG	0.306	1.491608e-02	1.617442e-01	-6.346253e+01	1.286261e+00	1.000000e+05	9.269151e-01	9.821389e-01	9.822338e-01
CP021828.1	.	168101	0	G	GT	0.020	-2.297596e-01	4.797678e-01	-6.316562e+01	1.205468e+00	1.000000e+05	6.342322e-01	4.407499e-01	4.459784e-01
CP021828.1	.	189160	2	A	G	0.021	4.962020e-02	5.127531e-01	-6.345923e+01	1.210241e+00	1.000000e+05	9.233189e-01	9.328274e-01	9.331878e-01
CP021828.1	.	195354	0	G	GCA	0.041	2.040646e-01	3.816389e-01	-6.325189e+01	1.506151e+00	1.000000e+05	5.953740e-01	5.160496e-01	5.201050e-01
CP021828.1	.	195381	0	A	G	0.020	-2.808136e-01	4.995119e-01	-6.343711e+01	8.609310e-01	1.000000e+05	5.766676e-01	8.207216e-01	8.217502e-01
CP021828.1	.	220772	1	C	CTT	0.062	-2.988567e-01	2.985453e-01	-6.311158e+01	1.044544e+00	1.000000e+05	3.219321e-01	4.019768e-01	4.078857e-01
CP021828.1	.	225129	0	T	C	0.020	-5.424418e-01	5.288209e-01	-6.283514e+01	1.238681e+00	1.000000e+05	3.102566e-01	2.625456e-01	2.712593e-01
CP021828.1	.	225887	0	A	T	0.020	2.348686e-01	4.541196e-01	-6.251661e+01	1.388522e+00	1.000000e+05	6.074452e-01	1.689366e-01	1.795483e-01
CP021828.1	.	225895	3	C	A	0.022	-5.028896e-01	4.383125e-01	-6.160232e+01	1.275999e+00	1.000000e+05	2.570517e-01	5.373473e-02	6.453515e-02
CP021828.1	.	225933	0	G	GGC	0.082	-8.671974e-02	2.700541e-01	-6.346274e+01	1.159276e+00	1.000000e+05	7.495432e-01	9.927098e-01	9.927484e-01
CP021828.1	.	227899	0	A	C	0.020	2.421489e-01	4.801838e-01	-6.339767e+01	9.153935e-01	1.000000e+05	6.164180e-01	7.181943e-01	7.199893e-01
CP021828.1	.	227901	0	G	T	0.041	-5.171507e-01	3.327861e-01	-6.161284e+01	1.322970e+00	1.000000e+05	1.268922e-01	5.441605e-02	6.524024e-02
CP021828.1	.	245493	0	GGC	G	0.041	1.557395e-01	3.432440e-01	-6.293894e+01	1.361478e+00	1.000000e+05	6.521127e-01	3.060392e-01	3.138328e-01
CP021828.1	.	245841	1	GT	G	0.375	-1.969432e-01	1.559356e-01	-6.279953e+01	1.310946e+00	1.000000e+05	2.128270e-01	2.494269e-01	2.584202e-01
CP021828.1	.	247174	1	T	C	0.104	-4.066115e-02	2.221701e-01	-6.346121e+01	1.106381e+00	1.000000e+05	8.555710e-01	9.553065e-01	9.555448e-01
CP021828.1	.	247211	0	T	G	0.367	-7.223383e-02	1.523742e-01	-6.336948e+01	1.311847e+00	1.000000e+05	6.376552e-01	6.657489e-01	6.680210e-01
CP021828.1	.	247240	0	C	CT	0.449	-2.783112e-01	1.411777e-01	-6.220103e+01	5.199963e-01	1.000000e+05	5.458671e-02	1.121611e-01	1.235154e-01
CP021828.1	.	247256	0	T	C	0.429	-1.087450e-01	1.500588e-01	-6.343885e+01	9.405079e-01	1.000000e+05	4.722394e-01	8.268254e-01	8.278141e-01
CP021828.1	.	247264	0	G	T	0.020	5.532424e-01	4.877899e-01	-6.221084e+01	1.315601e+00	1.000000e+05	2.624701e-01	1.135651e-01	1.249101e-01
CP021828.1	.	247278	0	A	C	0.020	-3.430762e-01	4.807962e-01	-6.264326e+01	1.567532e+00	1.000000e+05	4.790287e-01	2.004551e-01	2.104691e-01
CP021828.1	.	249146	0	ATT	A	0.347	-9.376713e-02	1.489927e-01	-6.323266e+01	1.179896e+00	1.000000e+05	5.321735e-01	4.975044e-01	5.018306e-01
CP021828.1	.	256680	3	CG	C	0.283	3.748982e-02	1.716963e-01	-6.330156e+01	1.368176e+00	1.000000e+05	8.281020e-01	5.701446e-01	5.734759e-01
CP021828.1	.	267152	0	CG	C	0.082	-1.332829e-01	2.736670e-01	-6.304247e+01	1.469261e+00	1.000000e+05	6.285037e-01	3.592194e-01	3.659360e-01
CP021828.1	.	267473	2	C	T	0.085	1.174157e-01	2.612501e-01	-6.344861e+01	1.055552e+00	1.000000e+05	6.551817e-01	8.662868e-01	8.670284e-01
CP021828.1	.	267491	0	C	G	0.041	-1.298483e-01	3.349950e-01	-6.318172e+01	1.279521e+00	1.000000e+05	7.000526e-01	4.534005e-01	4.584181e-01
CP021828.1	.	267541	3	G	GGT	0.435	-6.007911e-02	1.563370e-01	-6.336568e+01	1.228321e+00	1.000000e+05	7.024951e-01	6.594380e-01	6.617721e-01
CP021828.1	.	267546	3	C	CG	0.413	3.220878e-02	1.602823e-01	-6.340021e+01	1.337362e+00	1.000000e+05	8.416045e-01	7.235207e-01	7.252709e-01
CP021828.1	.	268239	0	C	CGA	0.367	2.005286e-01	1.464711e-01	-6.281130e+01	8.808267e-01	1.000000e+05	1.774861e-01	2.536728e-01	2.625757e-01
CP021828.1	.	272788	0	A	AC	0.061	6.272609e-01	2.477739e-01	-5.915639e+01	3.058630e+00	1.000000e+05	1.475799e-02	3.338095e-03	7.191489e-03
CP021828.1	.	278508	0	G	GT	0.020	4.347933e-02	4.581614e-01	-6.343645e+01	1.033263e+00	1.000000e+05	9.247980e-01	8.184837e-01	8.195271e-01
CP021828.1	.	281319	0	C	A	0.082	-2.533776e-01	2.418415e-01	-6.319571e+01	8.992050e-01	1.000000e+05	3.001345e-01	4.648708e-01	4.697021e-01
CP021828.1	.	284748	0	T	G	0.204	-1.679086e-01	1.878262e-01	-6.328276e+01	9.052188e-01	1.000000e+05	3.758997e-01	5.484849e-01	5.520946e-01
CP021828.1	.	284766	1	C	A	0.292	-2.722274e-01	1.629332e-01	-6.289991e+01	7.518976e-01	1.000000e+05	1.014098e-01	2.886862e-01	2.968443e-01
CP021828.1	.	284773	1	T	C	0.354	-1.442601e-01	1.639334e-01	-6.314593e+01	1.146635e+00	1.000000e+05	3.833411e-01	4.259990e-01	4.314803e-01
CP021828.1	.	284794	1	A	G	0.354	-2.920394e-01	1.618304e-01	-6.136495e+01	1.881426e+00	1.000000e+05	7.754633e-02	4.052756e-02	5.071321e-02
CP021828.1	.	284848	0	T	C	0.061	2.331367e-01	3.107138e-01	-6.337839e+01	1.079587e+00	1.000000e+05	4.567983e-01	6.811857e-01	6.833104e-01
CP021828.1	.	284860	0	G	A	0.020	5.759000e-01	4.898738e-01	-6.257583e+01	1.183013e+00	1.000000e+05	2.456721e-01	1.828985e-01	1.932548e-01
CP021828.1	.	285106	0	C	G	0.204	2.256843e-01	1.775044e-01	-6.326456e+01	5.989842e-01	1.000000e+05	2.098322e-01	5.289297e-01	5.328039e-01
CP021828.1	.	285187	0	G	C	0.041	3.447264e-01	3.538972e-01	-6.223724e+01	2.170974e+00	1.000000e+05	3.350007e-01	1.174441e-01	1.287599e-01
CP021828.1	.	285282	2	C	T	0.043	6.083102e-01	3.495016e-01	-6.328219e+01	3.736339e-01	1.000000e+05	8.831404e-02	5.478436e-01	5.514618e-01
CP021828.1	.	285298	2	A	G	0.064	6.780763e-01	2.822026e-01	-6.216021e+01	6.356026e-01	1.000000e+05	2.027121e-02	1.065166e-01	1.179018e-01
CP021828.1	.	285301	3	A	G	0.087	6.506150e-01	2.360066e-01	-6.166491e+01	3.684980e-01	1.000000e+05	8.284847e-03	5.792786e-02	6.886449e-02
CP021828.1	.	288053	1	GCC	G	0.167	9.630005e-02	2.028060e-01	-6.345274e+01	1.193747e+00	1.000000e+05	6.371014e-01	8.872994e-01	8.879165e-01
CP021828.1	.	288056	1	A	C	0.146	1.674430e-01	2.216514e-01	-6.326670e+01	1.247757e+00	1.000000e+05	4.537580e-01	5.311674e-01	5.350107e-01
CP021828.1	.	288081	1	CGCGAGT	C	0.062	1.910595e-01	3.084282e-01	-6.338778e+01	9.481362e-01	1.000000e+05	5.386035e-01	6.985304e-01	7.004966e-01
CP021828.1	.	291191	0	C	CG	0.449	-8.775207e-03	1.693060e-01	-6.331663e+01	1.429681e+00	1.000000e+05	9.588835e-01	5.887480e-01	5.918520e-01
CP021828.1	.	292665	2	TA	T	0.447	-1.804413e-01	1.507219e-01	-6.331163e+01	9.189887e-01	1.000000e+05	2.372397e-01	5.824389e-01	5.856189e-01
CP021828.1	.	296579	3	T	TC	0.065	8.860810e-02	2.840430e-01	-6.346178e+01	1.091684e+00	1.000000e+05	7.564559e-01	9.642728e-01	9.644630e-01
CP021828.1	.	297100	0	A	T	0.041	-6.208490e-02	3.447474e-01	-6.345369e+01	1.159861e+00	1.000000e+05	8.578577e-01	8.927473e-01	8.933329e-01
CP021828.1	.	297103	0	A	T	0.020	-3.395582e-01	4.864088e-01	-6.261828e+01	1.681458e+00	1.000000e+05	4.885591e-01	1.937312e-01	2.038786e-01
CP021828.1	.	297736	0	A	G	0.184	-5.747591e-02	1.869886e-01	-6.343496e+01	1.248889e+00	1.000000e+05	7.599147e-01	8.135018e-01	8.145785e-01
CP021828.1	.	297754	2	A	G	0.085	3.281649e-01	2.490386e-01	-6.223214e+01	1.440564e+00	1.000000e+05	1.939824e-01	1.166829e-01	1.280048e-01
CP021828.1	.	297802	1	G	A	0.021	-9.101800e-02	5.085347e-01	-6.336341e+01	1.133276e+00	1.000000e+05	8.587220e-01	6.557360e-01	6.581069e-01
CP021828.1	.	298110	0	G	C	0.224	-1.104400e-01	1.679510e-01	-6.335917e+01	1.185558e+00	1.000000e+05	5.140205e-01	6.489494e-01	6.513889e-01
CP021828.1	.	298986	0	T	C	0.020	-1.032976e+00	4.482321e-01	-6.080801e+01	1.121034e+00	1.000000e+05	2.565691e-02	2.120890e-02	2.963616e-02
CP021828.1	.	299051	2	C	T	0.043	3.468063e-01	3.604550e-01	-6.305002e+01	1.106082e+00	1.000000e+05	3.409060e-01	3.635686e-01	3.702005e-01
CP021828.1	.	300818	2	A	G	0.340	3.931455e-02	1.510321e-01	-6.340680e+01	1.221345e+00	1.000000e+05	7.957649e-01	7.379073e-01	7.395394e-01
CP021828.1	.	301039	4	A	C	0.044	4.010344e-01	3.611805e-01	-6.281885e+01	1.199973e+00	1.000000e+05	2.724996e-01	2.564427e-01	2.652866e-01
CP021828.1	.	301132	0	T	C	0.449	-1.576110e-01	1.457649e-01	-6.228780e+01	2.234114e+00	1.000000e+05	2.850945e-01	1.252854e-01	1.365290e-01
CP021828.1	.	301231	0	G	A	0.184	-2.689258e-01	1.874589e-01	-6.210374e+01	1.944853e+00	1.000000e+05	1.580260e-01	9.921664e-02	1.106238e-01
CP021828.1	.	301273	3	C	T	0.087	-9.589528e-02	2.818024e-01	-6.315814e+01	1.408035e+00	1.000000e+05	7.351524e-01	4.350558e-01	4.403809e-01
CP021828.1	.	301297	0	A	G	0.061	-1.868446e-01	3.223293e-01	-6.284026e+01	1.625336e+00	1.000000e+05	5.649057e-01	2.644993e-01	2.731713e-01
CP021828.1	.	301548	0	C	T	0.102	1.214087e-01	2.341246e-01	-6.341989e+01	1.117986e+00	1.000000e+05	6.064974e-01	7.696063e-01	7.709929e-01
CP021828.1	.	301581	0	T	C	0.102	-2.266598e-01	2.405594e-01	-6.282396e+01	1.200572e+00	1.000000e+05	3.508983e-01	2.583368e-01	2.671402e-01
CP021828.1	.	302464	0	G	T	0.061	-5.655374e-01	2.618608e-01	-6.117635e+01	1.272585e+00	1.000000e+05	3.593086e-02	3.248201e-02	4.210215e-02
CP021828.1	.	360934	0	T	C	0.020	-1.842160e-01	5.438341e-01	-6.339679e+01	1.294483e+00	1.000000e+05	7.363176e-01	7.163824e-01	7.181928e-01
CP021828.1	.	364930	2	A	G	0.043	1.333159e-01	3.495868e-01	-6.344515e+01	1.029227e+00	1.000000e+05	7.046601e-01	8.510425e-01	8.518772e-01
CP021828.1	.	364939	1	G	A	0.083	1.339581e-01	2.476404e-01	-6.339843e+01	9.261484e-01	1.000000e+05	5.911051e-01	7.197795e-01	7.215611e-01
CP021828.1	.	365005	0	G	A	0.020	1.274240e-01	4.734278e-01	-6.344424e+01	1.037573e+00	1.000000e+05	7.889908e-01	8.472741e-01	8.481323e-01
CP021828.1	.	365016	1	C	G	0.042	-1.626178e-01	3.365702e-01	-6.329084e+01	1.099519e+00	1.000000e+05	6.312241e-01	5.575908e-01	5.610816e-01
CP021828.1	.	365134	0	T	G	0.061	5.116938e-01	2.773631e-01	-6.239271e+01	8.379559e-01	1.000000e+05	7.136571e-02	1.434879e-01	1.545075e-01
CP021828.1	.	365146	1	G	A	0.104	-4.712804e-03	2.360683e-01	-6.344912e+01	1.219817e+00	1.000000e+05	9.841568e-01	8.687060e-01	8.694330e-01
CP021828.1	.	365169	0	T	A	0.061	2.229862e-02	2.954601e-01	-6.345355e+01	1.190868e+00	1.000000e+05	9.401604e-01	8.919159e-01	8.925063e-01
CP021828.1	.	365170	0	T	G	0.041	3.087735e-01	3.680844e-01	-6.322633e+01	1.314726e+00	1.000000e+05	4.057908e-01	4.916548e-01	4.960688e-01
CP021828.1	.	365221	0	A	G	0.224	-1.045082e-01	1.679189e-01	-6.345139e+01	1.091666e+00	1.000000e+05	5.367045e-01	8.800359e-01	8.806956e-01
CP021828.1	.	365233	3	T	G	0.370	1.572484e-01	1.540467e-01	-6.332983e+01	7.071516e-01	1.000000e+05	3.125824e-01	6.060889e-01	6.089907e-01
CP021828.1	.	365248	2	A	G	0.191	4.668364e-02	1.909421e-01	-6.338496e+01	1.283475e+00	1.000000e+05	8.079148e-01	6.931958e-01	6.952100e-01
CP021828.1	.	365251	4	T	C	0.178	-1.075652e-01	1.988503e-01	-6.331437e+01	1.277503e+00	1.000000e+05	5.911067e-01	5.858832e-01	5.890216e-01
CP021828.1	.	365254	2	A	G	0.149	-2.454843e-02	2.150520e-01	-6.344956e+01	1.275644e+00	1.000000e+05	9.096042e-01	8.707912e-01	8.715057e-01
CP021828.1	.	365264	2	G	C	0.468	-1.103067e-01	1.532567e-01	-6.346276e+01	7.870957e-01	1.000000e+05	4.752424e-01	9.948405e-01	9.948678e-01
CP021828.1	.	365296	3	A	G	0.261	3.466482e-01	1.735549e-01	-6.126630e+01	8.348426e-01	1.000000e+05	5.159576e-02	3.608728e-02	4.598336e-02
CP021828.1	.	365299	1	A	G	0.354	4.068250e-01	1.351627e-01	-6.208494e+01	1.000000e-05	1.000000e+05	4.193459e-03	9.690876e-02	1.083182e-01
CP021828.1	.	365326	2	A	G	0.277	3.960139e-01	1.486702e-01	-6.208101e+01	1.000000e-05	1.000000e+05	1.055278e-02	9.643384e-02	1.078435e-01
CP021828.1	.	365329	2	G	C	0.468	2.285163e-01	1.470836e-01	-6.174596e+01	1.161476e+00	1.000000e+05	1.269765e-01	6.388105e-02	7.497352e-02
CP021828.1	.	365413	3	T	A	0.174	-6.382381e-02	2.058842e-01	-6.324482e+01	1.419863e+00	1.000000e+05	7.579324e-01	5.090941e-01	5.132497e-01
CP021828.1	.	365437	0	G	T	0.041	-2.128970e-01	3.609590e-01	-6.313638e+01	1.229009e+00	1.000000e+05	5.581435e-01	4.191072e-01	4.247091e-01
CP021828.1	.	365455	2	A	G	0.213	-1.007065e-01	1.955903e-01	-6.286358e+01	1.866197e+00	1.000000e+05	6.090466e-01	2.736419e-01	2.821191e-01
CP021828.1	.	365462	2	C	G	0.191	7.744313e-02	2.058040e-01	-6.346246e+01	1.154390e+00	1.000000e+05	7.083906e-01	9.798434e-01	9.799504e-01
CP021828.1	.	365470	3	T	C	0.217	-1.001056e-01	1.982046e-01	-6.297266e+01	1.780644e+00	1.000000e+05	6.158756e-01	3.221389e-01	3.295993e-01
CP021828.1	.	365473	4	C	T	0.178	1.220423e-01	2.104914e-01	-6.344423e+01	1.041706e+00	1.000000e+05	5.648205e-01	8.472538e-01	8.481122e-01
CP021828.1	.	365506	1	A	G	0.188	1.790821e-01	1.882112e-01	-6.321711e+01	9.188204e-01	1.000000e+05	3.462204e-01	4.833290e-01	4.878700e-01
CP021828.1	.	365512	0	A	G	0.347	3.170373e-02	1.571293e-01	-6.311452e+01	1.300356e+00	1.000000e+05	8.409685e-01	4.039552e-01	4.098281e-01
CP021828.1	.	365529	3	A	C	0.457	1.182433e-01	1.585268e-01	-6.323217e+01	1.474053e+00	1.000000e+05	4.594493e-01	4.970494e-01	5.013823e-01
CP021828.1	.	365581	3	G	T	0.326	-2.816763e-01	1.594889e-01	-6.281344e+01	9.733581e-01	1.000000e+05	8.387067e-02	2.544527e-01	2.633390e-01
CP021828.1	.	365593	0	G	A	0.143	-1.151042e-01	2.066977e-01	-6.345972e+01	9.569401e-01	1.000000e+05	5.802569e-01	9.375886e-01	9.379230e-01
CP021828.1	.	365602	1	A	G	0.146	-1.670854e-01	2.149407e-01	-6.341789e+01	1.023973e+00	1.000000e+05	4.408442e-01	7.644548e-01	7.658799e-01
CP021828.1	.	365605	0	T	G	0.082	1.152470e-02	2.809741e-01	-6.345024e+01	1.313380e+00	1.000000e+05	9.674561e-01	8.741472e-01	8.748417e-01
CP021828.1	.	365659	0	A	G	0.041	3.424335e-01	3.551399e-01	-6.289338e+01	1.145350e+00	1.000000e+05	3.398701e-01	2.859045e-01	2.941213e-01
CP021828.1	.	365733	1	G	T	0.333	3.482807e-02	1.680791e-01	-6.336513e+01	1.344803e+00	1.000000e+05	8.367392e-01	6.585397e-01	6.608827e-01
CP021828.1	.	365740	2	G	A	0.255	1.459395e-02	1.885754e-01	-6.343839e+01	1.376200e+00	1.000000e+05	9.386414e-01	8.251714e-01	8.261709e-01
CP021828.1	.	365743	4	G	C	0.267	3.098645e-02	1.927425e-01	-6.344071e+01	1.360769e+00	1.000000e+05	8.729667e-01	8.335705e-01	8.345155e-01
CP021828.1	.	365766	0	T	C	0.224	-1.296304e-01	1.877909e-01	-6.288709e+01	1.661424e+00	1.000000e+05	4.934060e-01	2.832593e-01	2.915322e-01
CP021828.1	.	365781	0	T	C	0.041	2.918270e-01	3.520010e-01	-6.301948e+01	1.142104e+00	1.000000e+05	4.112660e-01	3.463999e-01	3.533695e-01
CP021828.1	.	365794	2	A	G	0.064	-4.671687e-02	2.994721e-01	-6.346062e+01	1.239860e+00	1.000000e+05	8.767032e-01	9.476091e-01	9.478890e-01
CP021828.1	.	365824	4	G	C	0.044	8.108087e-02	3.824291e-01	-6.337951e+01	1.113604e+00	1.000000e+05	8.330118e-01	6.831938e-01	6.852998e-01
CP021828.1	.	365839	2	G	A	0.191	2.403916e-01	1.874975e-01	-6.305548e+01	8.547919e-01	1.000000e+05	2.060939e-01	3.667601e-01	3.733301e-01
CP021828.1	.	365881	3	C	A	0.109	2.494022e-01	2.287230e-01	-6.272089e+01	1.219548e+00	1.000000e+05	2.810909e-01	2.231825e-01	2.327306e-01
CP021828.1	.	365899	1	C	G	0.438	-1.530250e-01	1.553737e-01	-6.265179e+01	2.144821e+00	1.000000e+05	3.297244e-01	2.028146e-01	2.127812e-01
CP021828.1	.	365931	4	C	T	0.333	1.189711e-01	1.651198e-01	-6.346264e+01	7.999548e-01	1.000000e+05	4.747773e-01	9.863877e-01	9.864599e-01
CP021828.1	.	392642	2	A	G	0.489	-1.158606e-01	1.434718e-01	-6.346152e+01	7.763824e-01	1.000000e+05	4.234181e-01	9.599726e-01	9.601858e-01
CP021828.1	.	392819	0	G	C	0.224	2.276343e-01	1.716761e-01	-6.321164e+01	5.720405e-01	1.000000e+05	1.912639e-01	4.784985e-01	4.831143e-01
CP021828.1	.	626056	1	C	T	0.125	-2.821881e-02	2.475017e-01	-6.344958e+01	1.345685e+00	1.000000e+05	9.097119e-01	8.708910e-01	8.716049e-01
CP021828.1	.	626067	0	AG	A	0.143	1.440407e-01	2.318348e-01	-6.299534e+01	1.771439e+00	1.000000e+05	5.373991e-01	3.335947e-01	3.408215e-01
CP021828.1	.	626086	1	C	T	0.167	-8.042911e-02	2.180329e-01	-6.339305e+01	1.345095e+00	1.000000e+05	7.138698e-01	7.088055e-01	7.106811e-01
CP021828.1	.	626107	3	C	T	0.217	4.792173e-02	1.926964e-01	-6.336348e+01	1.318567e+00	1.000000e+05	8.046838e-01	6.558420e-01	6.582119e-01
CP021828.1	.	626113	3	T	C	0.196	-1.287315e-02	2.115792e-01	-6.345338e+01	1.353389e+00	1.000000e+05	9.517421e-01	8.909233e-01	8.915194e-01
CP021828.1	.	626140	2	C	G	0.064	-6.680803e-02	2.973208e-01	-6.335548e+01	1.277865e+00	1.000000e+05	8.231866e-01	6.431820e-01	6.456807e-01
CP021828.1	.	626152	0	G	A	0.204	1.133304e-01	2.094742e-01	-6.334331e+01	1.433055e+00	1.000000e+05	5.910467e-01	6.249645e-01	6.276562e-01
CP021828.1	.	626167	2	C	T	0.255	7.085512e-02	1.803927e-01	-6.322707e+01	1.395206e+00	1.000000e+05	6.962559e-01	4.923327e-01	4.967364e-01
CP021828.1	.	626170	3	C	G	0.217	7.686131e-02	2.059177e-01	-6.330132e+01	1.486556e+00	1.000000e+05	7.106316e-01	5.698593e-01	5.731941e-01
CP021828.1	.	626221	0	C	G	0.490	7.940062e-02	1.637374e-01	-6.333110e+01	1.455278e+00	1.000000e+05	6.299809e-01	6.078223e-01	6.107044e-01
CP021828.1	.	626227	1	T	C	0.479	-2.859738e-02	1.723667e-01	-6.345594e+01	1.454451e+00	1.000000e+05	8.689393e-01	9.068795e-01	9.073844e-01
CP021828.1	.	626260	2	C	T	0.489	-9.834613e-02	1.699466e-01	-6.340759e+01	1.164997e+00	1.000000e+05	5.655625e-01	7.397009e-01	7.413185e-01
CP021828.1	.	626271	0	T	TC	0.469	2.802415e-01	1.632848e-01	-6.257816e+01	8.165337e-01	1.000000e+05	9.269711e-02	1.834743e-01	1.938198e-01
CP021828.1	.	626284	3	A	C	0.435	3.205042e-01	1.876862e-01	-6.273286e+01	1.063333e+00	1.000000e+05	9.429796e-02	2.269536e-01	2.364227e-01
CP021828.1	.	626286	3	A	C	0.457	1.953141e-01	1.835314e-01	-6.319934e+01	1.064863e+00	1.000000e+05	2.926752e-01	4.679186e-01	4.727011e-01
CP021828.1	.	626293	0	T	C	0.388	2.790435e-01	1.862467e-01	-6.284647e+01	1.124046e+00	1.000000e+05	1.407560e-01	2.668966e-01	2.755175e-01
CP021828.1	.	626298	1	C	T	0.438	9.328738e-02	1.767701e-01	-6.345192e+01	1.057825e+00	1.000000e+05	6.001675e-01	8.828353e-01	8.834786e-01
CP021828.1	.	626305	2	A	G	0.383	2.894543e-01	1.869282e-01	-6.238302e+01	1.208357e+00	1.000000e+05	1.282152e-01	1.416881e-01	1.527327e-01
CP021828.1	.	626308	1	G	T	0.396	1.570389e-01	1.665239e-01	-6.346183e+01	6.643892e-01	1.000000e+05	3.504822e-01	9.651331e-01	9.653186e-01
CP021828.1	.	661775	1	C	T	0.208	-1.759226e-02	1.783950e-01	-6.344672e+01	1.221446e+00	1.000000e+05	9.218641e-01	8.577415e-01	8.585350e-01
CP021828.1	.	897897	1	T	C	0.021	-9.127599e-02	5.070595e-01	-6.313128e+01	1.334415e+00	1.000000e+05	8.579183e-01	4.155013e-01	4.211671e-01
CP021828.1	.	898518	0	G	C	0.041	2.339655e-01	3.490154e-01	-6.343508e+01	1.021194e+00	1.000000e+05	5.059098e-01	8.139082e-01	8.149821e-01
CP021828.1	.	911042	0	A	T	0.020	-3.836152e-01	4.740392e-01	-6.318578e+01	1.046430e+00	1.000000e+05	4.224506e-01	4.566856e-01	4.616494e-01
CP021828.1	.	994802	1	C	T	0.062	1.461001e-01	2.869670e-01	-6.306493e+01	1.319357e+00	1.000000e+05	6.130515e-01	3.723823e-01	3.788442e-01
CP021828.1	.	994803	0	A	C	0.061	4.913022e-01	2.590809e-01	-6.060815e+01	3.171670e+00	1.000000e+05	6.407303e-02	1.687556e-02	2.464727e-02
CP021828.1	.	995452	0	T	C	0.041	6.084852e-01	3.428401e-01	-6.345240e+01	5.593904e-02	1.000000e+05	8.240141e-02	8.854215e-01	8.860496e-01
CP021828.1	.	1322288	2	C	G	0.021	1.029932e-01	5.287701e-01	-6.346243e+01	1.224089e+00	1.000000e+05	8.464056e-01	9.787049e-01	9.788180e-01
CP021828.1	.	1322354	0	G	A	0.041	-2.233504e-01	3.914463e-01	-6.316209e+01	1.411535e+00	1.000000e+05	5.710042e-01	4.380507e-01	4.433248e-01
CP021828.1	.	1452970	0	G	T	0.020	1.759634e-01	4.915004e-01	-6.320589e+01	1.254462e+00	1.000000e+05	7.219368e-01	4.735054e-01	4.781995e-01
CP021828.1	.	1452986	2	CA	C	0.064	-3.642201e-02	3.098241e-01	-6.336040e+01	1.192400e+00	1.000000e+05	9.069196e-01	6.508943e-01	6.533140e-01
CP021828.1	.	1471780	2	G	A	0.468	-3.347952e-01	1.375326e-01	-6.154218e+01	7.010114e-01	1.000000e+05	1.877369e-02	5.000743e-02	6.066554e-02
